""	"Bifidobacterium"	"Subdoligranulum"	"Faecalibacterium"	"Escherichia_Shigella"	"Bacteroides"	"Akkermansia"	"Agathobacter"	"Blautia"	"Klebsiella"	"Collinsella"	"Lactobacillus"	"coprostanoligenes_group"	"Clostridium_sensu_stricto_1"	"Roseburia"	"Prevotella"	"CAG_352"	"Enterobacter"	"Streptococcus"	"Dialister"	"Christensenellaceae_R_7_group"	"Alistipes"	"torques_group"	"Lachnoclostridium"	"Parabacteroides"	"UCG_002"	"gnavus_group"	"Romboutsia"	"Veillonella"	"Coprococcus"	"Erysipelatoclostridium"	"Enterococcus"	"Monoglobus"	"UBA1819"	"Ruminococcus"	"Clostridia_UCG_014"	"Lachnospiraceae_NK4A136_group"	"Megasphaera"	"Butyricicoccus"	"Fusicatenibacter"	"Anaerostipes"	"Methanobrevibacter"	"UCG_005"	"Dorea"	"Phascolarctobacterium"	"Erysipelotrichaceae_UCG_003"	"Incertae_Sedis"	"Eisenbergiella"	"eligens_group"	"hallii_group"	"Flavonifractor"
"Bifidobacterium"	1	-0.196895720545353	-0.27786279294922	-0.0229122472685189	-0.0893753414783589	0.00688841661647759	-0.249202566607044	0.0810154273410413	-0.10870745032689	0.26891118208149	0.244331454067458	-0.0923864157865061	-0.184669887373663	-0.207352517275751	-0.208770675413722	-0.185933488693874	-0.245553758433168	0.0816760824907965	-0.0665864753461541	-0.0843496740586061	-0.154657241201696	-0.0734295001901805	0.0243441933906088	-0.195254900570887	-0.158832845312821	0.202803219130609	-0.065192880958281	0.029953515971748	-0.276729971087219	0.276615425950287	0.200591814177727	-0.193793966107843	0.143883172186416	-0.165230168552433	-0.340782200987783	-0.333620936469863	0.139157588224922	-0.13354313425896	-0.0642197735061309	0.0504125823387284	-0.0793014332690011	-0.212424496325027	-0.133770347936103	-0.048945328636879	-0.178764684974643	0.241827161626391	0.202799254016969	-0.192993654041767	0.0170199258878092	0.152980865987782
"Subdoligranulum"	-0.196895720545353	1	0.341455425712093	-0.025084051342097	0.157215675726243	-0.0325535016117258	0.4161658938345	0.335606575082531	-0.0656734395691842	0.192900021619481	-0.0544038004826931	0.373233632349961	0.0994294373220091	0.454546444574849	0.276173449867387	0.138310592172893	0.12090372117206	-0.0664829999198865	0.091781019732669	0.341790676742002	0.289778205863483	0.27998789369605	-0.179867590145479	0.197123056556298	0.432445081335858	-0.319954592471605	0.00379298380350612	-0.0599299058649218	0.602735114691114	-0.345648580970611	-0.311538932267	0.390900084415697	0.0499212488826924	0.437250950681482	0.36997161941824	0.489183234725043	0.0509291586927492	0.190409871165469	0.41800876182438	0.119820471935476	0.0596518266056752	0.33838322972129	0.549279200751954	0.014793005546048	0.396278134192098	-0.0266394622367456	-0.170731341526292	0.215067841836426	0.180355966444872	-0.165184234154634
"Faecalibacterium"	-0.27786279294922	0.341455425712093	1	-0.238583116035344	0.341814584044034	-0.285096589902979	0.543211457397281	0.150313639412652	-0.131409633737519	-0.0586105531248349	-0.134081995692519	0.409774646410908	0.112505739540692	0.646330960058188	0.337534537445798	0.183823071569517	0.111858522246474	-0.10532598769949	0.29149069239322	0.217040415767957	0.263618052346083	0.26468772126679	-0.0240439436387598	0.245518164916079	0.484111969675356	-0.389393114637735	0.142509228724507	0.159418998812786	0.587320027330664	-0.427029165019085	-0.513991978420976	0.428110508425719	-0.0465287663721809	0.430507625242955	0.421478036907847	0.662542247250021	-0.00573580834385394	0.539733343932001	0.600121837906373	0.355655370685424	-0.0541202240777165	0.376377611190955	0.504303240756756	0.222042454208959	0.405120503163894	-0.0383538601379049	-0.125499729955283	0.447789564165131	0.16642728551069	0.109657442861547
"Escherichia_Shigella"	-0.0229122472685189	-0.025084051342097	-0.238583116035344	1	0.0736938668387035	-0.00561970630461572	-0.0568667561624788	0.0606566264378168	-0.00486452063323392	-0.00809969364167155	0.0437370048457461	-0.085522005516326	-0.0473418083607895	-0.137522257981637	-0.10909582552037	-0.0392086765700494	-0.0351936474121276	0.0215683128305242	-0.0538218762689441	-0.0549836356718841	-0.0417706854064176	-0.0476824998499474	0.172159595510919	0.0512110871310518	-0.0483864980948843	0.184850513184286	-0.0510843678239347	-0.0582497351506597	-0.0816211870715619	0.133277931211494	0.0281097494700769	-0.11152209832724	-0.00925277173118075	-0.108236878942909	-0.0732368697301978	-0.192680651350014	0.098227398587268	-0.0699370826892456	-0.147559020988524	-0.167000458708225	-0.0248125139809059	-0.0498548746073334	-0.0944831451962025	-0.0584646518924756	-0.159799280658834	-0.0539609488751731	0.116391097127063	-0.111434929550596	-0.0522755855600394	0.0955080869721085
"Bacteroides"	-0.0893753414783589	0.157215675726243	0.341814584044034	0.0736938668387035	1	-0.138493080677515	0.116175112564009	0.0296778009752289	0.0175803561693626	-0.0481643538448811	-0.114570629204923	0.226889247894738	-0.0189577113169743	0.273353158101793	0.113316404139838	-0.000366177300169202	0.166756264868611	-0.0872885504153343	0.182583257385518	0.120397333078652	0.569210448945365	0.223390510389798	0.273307884694535	0.653900286008344	0.205505139286372	0.126867373657212	-0.0835960720488236	0.120850275058378	0.158294837637578	-0.039464987598947	-0.164330744243467	0.0929056153577068	0.332613772979967	0.169606207024659	0.0743817289322781	0.240958959206345	0.0843778237764733	0.147921103959747	0.146364689078384	0.0605229108771691	-0.0100391373717397	0.275300542823929	0.0799672397913139	0.301651643673435	-0.012265632493145	0.376120680534832	0.240370550283375	0.237224513722769	-0.0217120836817686	0.512033937438859
"Akkermansia"	0.00688841661647759	-0.0325535016117258	-0.285096589902979	-0.00561970630461572	-0.138493080677515	1	-0.17223570299585	-0.0122122564867349	-0.00563335147438855	0.0181172988321199	0.0454514473986236	0.142323316082899	-0.166211187874377	-0.0979066531073532	-0.101800433973424	0.0446078018323003	-0.0849813595930932	-0.135804481515603	0.021209230116705	0.168401156147079	0.121296215705173	-0.073485507785123	0.0708077878526627	-0.0309414909749002	0.0339309262693023	0.0469814944451072	-0.138511133658469	-0.239201305640336	-0.062569836700937	0.280336792994787	0.184875356022373	-0.114856770995276	0.328969263105463	-0.0332016704032811	-0.0158415678574931	-0.111363536554615	-0.140250369066483	-0.219423539351114	-0.197559314265343	-0.0673901014667575	0.0742687334330677	0.0680352905771803	-0.0860346031528449	-0.103610944360372	-0.189997068468069	0.242434695963973	0.151877186365413	-0.101208284856028	0.0651372690768203	-0.112221898254368
"Agathobacter"	-0.249202566607044	0.4161658938345	0.543211457397281	-0.0568667561624788	0.116175112564009	-0.17223570299585	1	0.250971939614179	-0.143787885620052	0.062018989904805	-0.0259641958036137	0.428202769766023	0.254653302589037	0.537845135299653	0.324235945582144	0.295881038526866	0.129756094863731	0.0479702397629189	0.282799136131295	0.25124809162764	0.236340987639331	0.139801346682978	-0.122322628747192	0.160725786545584	0.518805677098212	-0.350533776343368	0.18268642433917	0.0837260601667472	0.604813317199043	-0.37954013453127	-0.363670337116399	0.462679944140644	-0.0490080239229682	0.483765497874072	0.426066357720411	0.534440502046528	0.0742435589758477	0.392026281558911	0.519983251552399	0.324540013945921	0.0145576063142946	0.311790005874929	0.570941206026914	0.0677580416433926	0.41835435149912	-0.107070766662433	-0.14908778189942	0.328027995276215	0.190204525388424	-0.0842628970767701
"Blautia"	0.0810154273410413	0.335606575082531	0.150313639412652	0.0606566264378168	0.0296778009752289	-0.0122122564867349	0.250971939614179	1	-0.160033265755972	0.298695758841411	-0.19647662436428	0.301860144254079	0.0479275154564048	0.235293740940067	0.103595950076722	0.150791028634283	-0.010653090508559	0.00989939066951273	0.112360902368959	0.243644573095913	0.0932766480738855	0.241827686628905	0.116148909497037	0.0195498698768491	0.232006139404285	0.0653709449262713	0.131769223002915	-0.0850580049718325	0.263054867847938	0.0704129369233034	-0.14100957113058	0.30391556854564	0.182274944428176	0.231634327071291	0.117693810561316	0.227702941260849	-0.100788126500623	0.291401028467185	0.272629973657914	0.348174870933637	-0.0436340660618376	0.136037593086805	0.363769616253842	0.0564776990368074	0.200956448174925	0.203878785727698	0.0294702328576591	0.0938787918356971	0.305587961960124	0.0488880026508972
"Klebsiella"	-0.10870745032689	-0.0656734395691842	-0.131409633737519	-0.00486452063323392	0.0175803561693626	-0.00563335147438855	-0.143787885620052	-0.160033265755972	1	-0.169389194409157	-0.0258001478620724	-0.23212442590598	0.0600878934573107	-0.147052079457351	-0.10532278482543	-0.0190198132343253	0.299044372336586	0.0864253240398612	-0.0540571514309526	-0.204745646978491	-0.0407249156413946	-0.0679059883351595	0.0655100200500739	0.00155212794845869	-0.16344178887845	0.115913272512865	0.0530197455488161	0.102214443002858	-0.174739990882467	0.108694258332567	0.205865167942673	-0.00832711622306547	-0.0104909988674177	-0.129212851517334	-0.149743074197437	-0.0289614758237181	0.0509292383443966	-0.0749737698536495	-0.24302625342074	-0.151516482348496	-0.0581895331046101	-0.179418877218302	-0.162618447921565	-0.110500609263265	-0.0573423926781376	-0.140298675457811	0.0736644516557634	-0.132848586477094	-0.0349947407959493	0.0533293610279894
"Collinsella"	0.26891118208149	0.192900021619481	-0.0586105531248349	-0.00809969364167155	-0.0481643538448811	0.0181172988321199	0.062018989904805	0.298695758841411	-0.169389194409157	1	0.0572770023865784	0.21036278098335	-0.0355285087969891	0.0930161646078967	0.161256887328487	0.0747975536602175	-0.0685847624230895	0.10061520649963	-0.162449621465855	0.244560017809466	0.0902600179782488	0.143386912565336	-0.116178126586824	-0.00269881134291061	0.204126681788724	0.00868235387054809	0.0702199818005262	-0.0796888808279635	0.0715986254708946	0.0418451267698293	-0.127904975670968	0.130443029897233	0.195518666980434	0.0708937540745202	-0.0655269003928525	0.0234819197117122	0.0197303940286214	0.0368704330404599	0.069345951338982	0.137290672328054	0.140053811713647	0.132197975563833	0.251117196192625	0.0942797940988	0.0601429497515133	0.0959751861576357	0.000876078135399784	-0.00907974300161097	0.121859202923717	-0.15283347616965
"Lactobacillus"	0.244331454067458	-0.0544038004826931	-0.134081995692519	0.0437370048457461	-0.114570629204923	0.0454514473986236	-0.0259641958036137	-0.19647662436428	-0.0258001478620724	0.0572770023865784	1	-0.142271028279242	-0.0630583478812491	-0.0962034375733262	0.0463697548890848	0.0190926020094777	-0.0225985628670406	0.403994412740959	0.0648240722769605	-0.0576379161646283	-0.19772855863429	-0.172914857919283	-0.182449220671612	-0.0291930095245324	0.00756839743959855	-0.0242178263753666	-0.0517620609411886	0.179579579971047	-0.0466546123635495	-0.0702547771434173	0.006146315277452	-0.091697613486468	-0.231036208422578	-0.11139423588648	-0.0858641392872594	-0.141480772680802	0.304281672752443	-0.247345413873318	-0.0962068791650903	-0.116968474169976	0.00471765845478839	0.00174455298805753	0.0726719257192329	-0.13871995326186	-0.0197550137181262	-0.127341744311655	-0.220061058594836	-0.0260488936127409	0.103990972061553	-0.140331140878586
"coprostanoligenes_group"	-0.0923864157865061	0.373233632349961	0.409774646410908	-0.085522005516326	0.226889247894738	0.142323316082899	0.428202769766023	0.301860144254079	-0.23212442590598	0.21036278098335	-0.142271028279242	1	0.0985215087139052	0.556608365564018	0.376933282301076	0.222915717574818	0.0155785853191439	-0.192617964554138	0.211297509451928	0.658781857745391	0.553234396279883	0.278083077992707	-0.0421305319961061	0.307726494220156	0.623513965617091	-0.277721527306807	0.0551236724511015	-0.179713904438618	0.551781064082632	-0.138234695196178	-0.267707133954185	0.350246790092881	0.381898604021446	0.618129695802026	0.410032356510111	0.550563386894359	-0.0162641367175192	0.198982444260479	0.322055012092827	0.196157203748308	0.273378217373147	0.61783771407855	0.444703235614163	0.243848231065978	0.293654587123728	0.343561726259775	0.113292205399538	0.331579441732693	0.148877241865644	-0.0305518862915603
"Clostridium_sensu_stricto_1"	-0.184669887373663	0.0994294373220091	0.112505739540692	-0.0473418083607895	-0.0189577113169743	-0.166211187874377	0.254653302589037	0.0479275154564048	0.0600878934573107	-0.0355285087969891	-0.0630583478812491	0.0985215087139052	1	0.160740491426051	0.122052775891683	0.172200291309938	0.25901978389976	0.103778289154279	0.282493132094779	0.0610834512454753	-0.0145914932270099	0.102420879193925	0.0275507199699569	-0.0376487535025284	0.0450941841642248	-0.0350375229537333	0.507417398505974	0.0541215706489516	0.145884643196051	-0.0762839467343701	-0.211693934247449	0.16664510993931	-0.156393796386259	0.171238129725337	0.29300026281036	0.223731047099093	0.00353776896691886	0.0937003212402596	0.13001400923737	0.05814280261379	0.00880521139929662	0.0228532576160697	0.104777868651266	-0.0571184671787622	0.240408100344027	-0.0444618635661275	-0.0849170089579055	0.125464636968172	0.189955536688691	-0.0504407469817008
"Roseburia"	-0.207352517275751	0.454546444574849	0.646330960058188	-0.137522257981637	0.273353158101793	-0.0979066531073532	0.537845135299653	0.235293740940067	-0.147052079457351	0.0930161646078967	-0.0962034375733262	0.556608365564018	0.160740491426051	1	0.355248086978858	0.226015711215962	0.127490790166902	-0.136314156052202	0.37906631179958	0.389560525068871	0.336144195407412	0.21429314777704	-0.0925793407935895	0.264653072300399	0.569658233149137	-0.410370700536242	0.21160835183273	0.0783001925182256	0.634511932197921	-0.406546540260612	-0.354757175592447	0.422549113827227	0.0828054532150238	0.574351423028368	0.39629631821217	0.683607279344805	-0.0084879392800168	0.402071083398011	0.50336037617407	0.283212693200571	0.111543664666048	0.466791058919816	0.580795177485564	0.0809952583316441	0.508638624466901	0.0327853542400857	-0.152671719030847	0.448216459511026	0.273802467859226	0.0221042147903621
"Prevotella"	-0.208770675413722	0.276173449867387	0.337534537445798	-0.10909582552037	0.113316404139838	-0.101800433973424	0.324235945582144	0.103595950076722	-0.10532278482543	0.161256887328487	0.0463697548890848	0.376933282301076	0.122052775891683	0.355248086978858	1	0.0942829814107606	0.082071568130689	0.103103792452612	0.217786476678457	0.304096723397889	0.287816140738854	0.181442351417261	-0.258921364388784	0.240356753369684	0.392453418865013	-0.256026407262807	0.144577095442999	0.0504775409354501	0.478141495007886	-0.217846692203728	-0.204650919602034	0.112455499331016	-0.0255582501295279	0.295379854214371	0.359096528612314	0.375302838466769	0.00591780189420284	0.181497682702763	0.198746312625926	0.052017691150756	0.103016779240058	0.333789393540464	0.40534741111148	0.0950552363607286	0.132083629584477	0.101666475256336	-0.212657719863308	0.243908965924472	0.0902012930853536	-0.244750934075247
"CAG_352"	-0.185933488693874	0.138310592172893	0.183823071569517	-0.0392086765700494	-0.000366177300169202	0.0446078018323003	0.295881038526866	0.150791028634283	-0.0190198132343253	0.0747975536602175	0.0190926020094777	0.222915717574818	0.172200291309938	0.226015711215962	0.0942829814107606	1	0.0618620229783521	-0.0629840414993933	0.0513332522453292	0.193943656609684	0.100587000359979	0.036125769956919	0.0549810910629384	0.0242051186265539	0.230683334543851	-0.122738269416851	0.122297195544024	0.0303902718127769	0.25910356475696	-0.0599835045073396	-0.155795865802628	0.229901457440291	-0.0383180545064461	0.12716598051983	0.273710806798116	0.206820473426673	-0.0407134977074346	0.172839761825436	0.169352013818153	0.103380535749399	-0.0138462463508094	0.193448689791406	0.127585337774447	0.145528940201861	0.17697749821723	-0.045446331013461	-0.0799741067272197	0.206628198886568	0.0967313538972873	-0.105367003614161
"Enterobacter"	-0.245553758433168	0.12090372117206	0.111858522246474	-0.0351936474121276	0.166756264868611	-0.0849813595930932	0.129756094863731	-0.010653090508559	0.299044372336586	-0.0685847624230895	-0.0225985628670406	0.0155785853191439	0.25901978389976	0.127490790166902	0.082071568130689	0.0618620229783521	1	0.0804045669186188	0.0926816028301589	-0.0387449766636394	0.0829958807042522	0.0825383952142755	0.00551183459390248	0.0888683382430728	0.0451561036542608	-0.0479782031667194	0.212505124529564	0.116031875299852	0.123679540979932	-0.196068089968111	-0.0887460458965585	0.148704452993586	-0.08386259789552	0.0926115377507272	0.118703286658306	0.221109271274455	-0.0273030645555433	0.142920798485451	-0.0023749521621887	-0.0545236600149088	-0.0485941387972823	0.0767282155107504	0.089504593794329	0.0195097736265491	0.0808386770637118	-0.0379196621831679	-0.0390277460576441	0.0552273610571318	0.0986969571634854	0.02794547200558
"Streptococcus"	0.0816760824907965	-0.0664829999198865	-0.10532598769949	0.0215683128305242	-0.0872885504153343	-0.135804481515603	0.0479702397629189	0.00989939066951273	0.0864253240398612	0.10061520649963	0.403994412740959	-0.192617964554138	0.103778289154279	-0.136314156052202	0.103103792452612	-0.0629840414993933	0.0804045669186188	1	0.0843816116633968	-0.0563394572054547	-0.150252034333887	-0.0545116823008613	-0.100389281531272	-0.0716901314159514	-0.0809988969828667	0.116204475466831	0.24542978294829	0.371902857949079	-0.0342529213691211	-0.0875760442417763	0.0427285609981624	0.0619531237801052	-0.0945930125853768	-0.0311904971537466	0.0347573103124431	-0.0571658498607229	0.0782910812283363	0.0206610184100393	-0.059457737964314	0.127015388382965	-0.0771141322747237	-0.0606884896758945	0.145356248977541	-0.0204032962887627	0.111999805512584	-0.135947790244	-0.15322373398445	0.0386502284444666	0.191528256124118	-0.0897012302350742
"Dialister"	-0.0665864753461541	0.091781019732669	0.29149069239322	-0.0538218762689441	0.182583257385518	0.021209230116705	0.282799136131295	0.112360902368959	-0.0540571514309526	-0.162449621465855	0.0648240722769605	0.211297509451928	0.282493132094779	0.37906631179958	0.217786476678457	0.0513332522453292	0.0926816028301589	0.0843816116633968	1	0.12020660054836	0.158993612395767	0.00277890306563556	0.129372178605557	0.114489685862473	0.143879506633471	-0.0836584050686428	0.159886355547419	0.161025220589214	0.231552774090229	-0.154170048361023	-0.189326574150522	0.164204320961925	0.00328854144335878	0.262761049522461	0.166159274947119	0.180905529029409	0.230050025494935	0.104574924430319	0.113174960794578	0.122920969629518	0.010116896478478	0.145247963977744	0.185172178946061	-0.147240507679168	0.103513355950299	0.0040764434221559	-0.00353666583681381	0.199485125419773	0.0406100063190191	0.0546920134565959
"Christensenellaceae_R_7_group"	-0.0843496740586061	0.341790676742002	0.217040415767957	-0.0549836356718841	0.120397333078652	0.168401156147079	0.25124809162764	0.243644573095913	-0.204745646978491	0.244560017809466	-0.0576379161646283	0.658781857745391	0.0610834512454753	0.389560525068871	0.304096723397889	0.193943656609684	-0.0387449766636394	-0.0563394572054547	0.12020660054836	1	0.513711934591781	0.315587439127384	-0.0920812853710659	0.308260696537743	0.612604988351992	-0.225983929514096	0.0757684309812852	-0.194613185644543	0.439745415565813	-0.0455133644349574	-0.0834398372076698	0.190430015242427	0.394329379405612	0.508385031188772	0.376167361463652	0.33512452147298	-0.00323780584871129	0.0637658389834396	0.146483147631233	0.073961848418253	0.419717053960449	0.712746066251413	0.381079897189459	0.349223611090754	0.165500418038214	0.313510997489076	0.114743287494791	0.219724345737878	0.112377340936499	-0.174791769328649
"Alistipes"	-0.154657241201696	0.289778205863483	0.263618052346083	-0.0417706854064176	0.569210448945365	0.121296215705173	0.236340987639331	0.0932766480738855	-0.0407249156413946	0.0902600179782488	-0.19772855863429	0.553234396279883	-0.0145914932270099	0.336144195407412	0.287816140738854	0.100587000359979	0.0829958807042522	-0.150252034333887	0.158993612395767	0.513711934591781	1	0.290012991925694	0.0417785722304634	0.620329162984532	0.501474426000479	-0.114372767782253	-0.0836210128378657	-0.173428537728686	0.318828247102836	-0.101445236512831	-0.0728070596916046	0.152907857732852	0.514440941739706	0.40565119517545	0.264981288368313	0.4236542804022	-0.0396033341053308	0.0804958708090985	0.089268552618285	-0.00148803920189427	0.11578387023669	0.508421378639409	0.181819346263251	0.333440834545095	0.035755368231565	0.37639284977953	0.356334227312187	0.277705226466777	-0.0595244344709069	0.177442378827335
"torques_group"	-0.0734295001901805	0.27998789369605	0.26468772126679	-0.0476824998499474	0.223390510389798	-0.073485507785123	0.139801346682978	0.241827686628905	-0.0679059883351595	0.143386912565336	-0.172914857919283	0.278083077992707	0.102420879193925	0.21429314777704	0.181442351417261	0.036125769956919	0.0825383952142755	-0.0545116823008613	0.00277890306563556	0.315587439127384	0.290012991925694	1	0.0360584754680471	0.141389040830318	0.29036896640767	-0.0427147253848683	-0.0309807242149024	-0.101219354352623	0.305094166885977	-0.0536640319305342	-0.122872356727747	0.152846789546897	0.272903207519862	0.21654856727777	0.0548531810695519	0.272660991307378	0.0911041269282988	0.132264926891197	0.256494799644062	0.0669114321995535	0.132762850541782	0.349479954767394	0.305874736702864	0.200812489936182	0.198017180063699	0.195302054752404	0.189905145636668	-0.00036907870607148	0.223341088585213	0.135109531684342
"Lachnoclostridium"	0.0243441933906088	-0.179867590145479	-0.0240439436387598	0.172159595510919	0.273307884694535	0.0708077878526627	-0.122322628747192	0.116148909497037	0.0655100200500739	-0.116178126586824	-0.182449220671612	-0.0421305319961061	0.0275507199699569	-0.0925793407935895	-0.258921364388784	0.0549810910629384	0.00551183459390248	-0.100389281531272	0.129372178605557	-0.0920812853710659	0.0417785722304634	0.0360584754680471	1	0.0867305237728554	-0.189497736661463	0.459603412750817	0.0341701638957915	0.0173822670690466	-0.274278163072891	0.408804570096886	0.0866810746606492	-0.0401448620635704	0.228327614330483	-0.176777083410191	-0.194686592172888	-0.139214664279939	0.0737308000730254	0.109063566193995	-0.0944145175027956	0.0700251976527138	-0.156989589235099	-0.118915276771906	-0.278968346416533	0.0814746504622534	-0.194632399978237	0.17542717500255	0.428363348348081	-0.0589588680894578	-0.0377909637619453	0.396898995051963
"Parabacteroides"	-0.195254900570887	0.197123056556298	0.245518164916079	0.0512110871310518	0.653900286008344	-0.0309414909749002	0.160725786545584	0.0195498698768491	0.00155212794845869	-0.00269881134291061	-0.0291930095245324	0.307726494220156	-0.0376487535025284	0.264653072300399	0.240356753369684	0.0242051186265539	0.0888683382430728	-0.0716901314159514	0.114489685862473	0.308260696537743	0.620329162984532	0.141389040830318	0.0867305237728554	1	0.356692206241719	-0.0653442746056021	-0.104187147957141	-0.0417464945132307	0.149123602460615	-0.0688915020157465	-0.058125526907094	0.089332543239625	0.388148776863545	0.292782021613461	0.0977369662153435	0.297131561811495	0.112536427091402	-0.000904428528832844	-0.00553255536702869	-0.0473344114718955	0.125133522960133	0.384724206397168	0.116530254025389	0.363111813344815	-0.0677902320005681	0.266227813946182	0.225986064939838	0.168208037021679	-0.123943391034794	0.269627037512424
"UCG_002"	-0.158832845312821	0.432445081335858	0.484111969675356	-0.0483864980948843	0.205505139286372	0.0339309262693023	0.518805677098212	0.232006139404285	-0.16344178887845	0.204126681788724	0.00756839743959855	0.623513965617091	0.0450941841642248	0.569658233149137	0.392453418865013	0.230683334543851	0.0451561036542608	-0.0809988969828667	0.143879506633471	0.612604988351992	0.501474426000479	0.29036896640767	-0.189497736661463	0.356692206241719	1	-0.387225865761785	0.078820730833891	-0.115049028299344	0.669791760958596	-0.257171580136711	-0.234583701705542	0.296728703761456	0.209712459767794	0.587567555671073	0.497394758779788	0.564478257375445	0.00146503772234181	0.172990557655642	0.414367077650894	0.226387746429279	0.277071797130819	0.689367164623333	0.568006869117321	0.335986400403636	0.38426393604208	0.112791888937132	0.0437918148718509	0.330405674751094	0.186537978943863	-0.200702977984811
"gnavus_group"	0.202803219130609	-0.319954592471605	-0.389393114637735	0.184850513184286	0.126867373657212	0.0469814944451072	-0.350533776343368	0.0653709449262713	0.115913272512865	0.00868235387054809	-0.0242178263753666	-0.277721527306807	-0.0350375229537333	-0.410370700536242	-0.256026407262807	-0.122738269416851	-0.0479782031667194	0.116204475466831	-0.0836584050686428	-0.225983929514096	-0.114372767782253	-0.0427147253848683	0.459603412750817	-0.0653442746056021	-0.387225865761785	1	0.000367647721328281	0.178824974307032	-0.447607793793539	0.532423822652599	0.236538304214796	-0.183304015317268	0.139991974703172	-0.38875352902672	-0.345173267715306	-0.421711152328778	-0.0232844809890036	-0.113077098738244	-0.292441260959185	-0.042367955894935	-0.176309657136623	-0.285327514538037	-0.360135115440427	-0.0516976723566163	-0.358822319392713	0.198890508470501	0.257290495998442	-0.24750280362709	-0.115351669462925	0.320281474504868
"Romboutsia"	-0.065192880958281	0.00379298380350612	0.142509228724507	-0.0510843678239347	-0.0835960720488236	-0.138511133658469	0.18268642433917	0.131769223002915	0.0530197455488161	0.0702199818005262	-0.0517620609411886	0.0551236724511015	0.507417398505974	0.21160835183273	0.144577095442999	0.122297195544024	0.212505124529564	0.24542978294829	0.159886355547419	0.0757684309812852	-0.0836210128378657	-0.0309807242149024	0.0341701638957915	-0.104187147957141	0.078820730833891	0.000367647721328281	1	0.106630396722786	0.118477059366121	-0.0479624170951337	-0.200569736782414	0.200329251183218	-0.147041369952886	0.110645718684131	0.275789320499595	0.194595166989563	-0.0730138425118394	0.198089249558577	0.0787242782340059	0.220429340151218	-0.0439942895510405	0.00582894282408995	0.188723180987581	-0.071800023777679	0.201622274878086	-0.04875677136258	-0.151980375920083	0.144685069527651	0.263982133077403	-0.0934077941153121
"Veillonella"	0.029953515971748	-0.0599299058649218	0.159418998812786	-0.0582497351506597	0.120850275058378	-0.239201305640336	0.0837260601667472	-0.0850580049718325	0.102214443002858	-0.0796888808279635	0.179579579971047	-0.179713904438618	0.0541215706489516	0.0783001925182256	0.0504775409354501	0.0303902718127769	0.116031875299852	0.371902857949079	0.161025220589214	-0.194613185644543	-0.173428537728686	-0.101219354352623	0.0173822670690466	-0.0417464945132307	-0.115049028299344	0.178824974307032	0.106630396722786	1	-0.00473412073418907	-0.0588447986215984	-0.0437743543025362	0.178118582417021	-0.235321930220192	-0.0521446217600902	0.0293693575144089	0.00739016257636677	0.158427280740503	0.232845817030782	0.166513575380408	0.141585452749002	-0.103761352842532	-0.101919574812322	0.0365642376341436	-0.175951954709399	0.0294065032787536	-0.0861937214921878	-0.235373736724152	0.195025435641048	0.00111531412293348	-0.0208896743393423
"Coprococcus"	-0.276729971087219	0.602735114691114	0.587320027330664	-0.0816211870715619	0.158294837637578	-0.062569836700937	0.604813317199043	0.263054867847938	-0.174739990882467	0.0715986254708946	-0.0466546123635495	0.551781064082632	0.145884643196051	0.634511932197921	0.478141495007886	0.25910356475696	0.123679540979932	-0.0342529213691211	0.231552774090229	0.439745415565813	0.318828247102836	0.305094166885977	-0.274278163072891	0.149123602460615	0.669791760958596	-0.447607793793539	0.118477059366121	-0.00473412073418907	1	-0.483412237117712	-0.400687810503025	0.361709216356277	-0.00126629259022406	0.56951042101031	0.546911657703558	0.620048780620016	-0.0889397770837884	0.257628455740794	0.555351768020229	0.220158600230799	0.16467761361488	0.574194514329014	0.652186307640381	0.17500041848448	0.471582695914196	0.0059525487174714	-0.2124979248135	0.385712569040378	0.234113504733493	-0.225278143151621
"Erysipelatoclostridium"	0.276615425950287	-0.345648580970611	-0.427029165019085	0.133277931211494	-0.039464987598947	0.280336792994787	-0.37954013453127	0.0704129369233034	0.108694258332567	0.0418451267698293	-0.0702547771434173	-0.138234695196178	-0.0762839467343701	-0.406546540260612	-0.217846692203728	-0.0599835045073396	-0.196068089968111	-0.0875760442417763	-0.154170048361023	-0.0455133644349574	-0.101445236512831	-0.0536640319305342	0.408804570096886	-0.0688915020157465	-0.257171580136711	0.532423822652599	-0.0479624170951337	-0.0588447986215984	-0.483412237117712	1	0.387423579424684	-0.17458541825941	0.285247338878763	-0.338216731826033	-0.397758084386606	-0.461418191853244	-0.0711900008736171	-0.142177609355473	-0.293533097799102	-0.043572585271988	-0.0418757550121978	-0.245238686339093	-0.397664412405383	0.030942219363064	-0.470703467847298	0.298134162125607	0.372924445236364	-0.259120641456299	-0.0696371486958978	0.184514629811845
"Enterococcus"	0.200591814177727	-0.311538932267	-0.513991978420976	0.0281097494700769	-0.164330744243467	0.184875356022373	-0.363670337116399	-0.14100957113058	0.205865167942673	-0.127904975670968	0.006146315277452	-0.267707133954185	-0.211693934247449	-0.354757175592447	-0.204650919602034	-0.155795865802628	-0.0887460458965585	0.0427285609981624	-0.189326574150522	-0.0834398372076698	-0.0728070596916046	-0.122872356727747	0.0866810746606492	-0.058125526907094	-0.234583701705542	0.236538304214796	-0.200569736782414	-0.0437743543025362	-0.400687810503025	0.387423579424684	1	-0.355824416636367	0.0977656483022383	-0.19766756093886	-0.310096053422813	-0.412271816435195	-0.0187486439730499	-0.382188793272661	-0.403939198591811	-0.260924748909801	0.0527276157909564	-0.189992271881246	-0.390346818770335	-0.0807532087512414	-0.396096283096383	0.159386311361648	0.213277601777145	-0.275265481867983	-0.219252212898037	0.066324936746457
"Monoglobus"	-0.193793966107843	0.390900084415697	0.428110508425719	-0.11152209832724	0.0929056153577068	-0.114856770995276	0.462679944140644	0.30391556854564	-0.00832711622306547	0.130443029897233	-0.091697613486468	0.350246790092881	0.16664510993931	0.422549113827227	0.112455499331016	0.229901457440291	0.148704452993586	0.0619531237801052	0.164204320961925	0.190430015242427	0.152907857732852	0.152846789546897	-0.0401448620635704	0.089332543239625	0.296728703761456	-0.183304015317268	0.200329251183218	0.178118582417021	0.361709216356277	-0.17458541825941	-0.355824416636367	1	-0.00203595643290764	0.267825420829754	0.261300127305407	0.478833312542183	-0.0248823315278704	0.442762133758782	0.453998639684363	0.393230508923127	-0.0228997162760357	0.150653880761598	0.387285270577318	0.0392567994948552	0.458223914092585	0.0152093426607902	-0.154966143781011	0.304948790119013	0.345289212136145	-0.0459148894212884
"UBA1819"	0.143883172186416	0.0499212488826924	-0.0465287663721809	-0.00925277173118075	0.332613772979967	0.328969263105463	-0.0490080239229682	0.182274944428176	-0.0104909988674177	0.195518666980434	-0.231036208422578	0.381898604021446	-0.156393796386259	0.0828054532150238	-0.0255582501295279	-0.0383180545064461	-0.08386259789552	-0.0945930125853768	0.00328854144335878	0.394329379405612	0.514440941739706	0.272903207519862	0.228327614330483	0.388148776863545	0.209712459767794	0.139991974703172	-0.147041369952886	-0.235321930220192	-0.00126629259022406	0.285247338878763	0.0977656483022383	-0.00203595643290764	1	0.213626077493822	-0.114728983874996	0.111850097124402	0.0190747043070664	0.046003975251587	-0.0743178814882442	0.0641127083444805	0.0358217812038836	0.278907514388628	-0.00236482602505508	0.268658232357907	-0.129281032428975	0.475659496778935	0.497206561820408	-0.0760345925345299	0.019558164396349	0.299076758838702
"Ruminococcus"	-0.165230168552433	0.437250950681482	0.430507625242955	-0.108236878942909	0.169606207024659	-0.0332016704032811	0.483765497874072	0.231634327071291	-0.129212851517334	0.0708937540745202	-0.11139423588648	0.618129695802026	0.171238129725337	0.574351423028368	0.295379854214371	0.12716598051983	0.0926115377507272	-0.0311904971537466	0.262761049522461	0.508385031188772	0.40565119517545	0.21654856727777	-0.176777083410191	0.292782021613461	0.587567555671073	-0.38875352902672	0.110645718684131	-0.0521446217600902	0.56951042101031	-0.338216731826033	-0.19766756093886	0.267825420829754	0.213626077493822	1	0.371832716525096	0.55957694123467	-0.0193031224301494	0.201570450508993	0.354026208922922	0.158039458489833	0.173586602246332	0.597363863709106	0.419799800779375	0.249091152460112	0.377810316954	0.0347386919363813	0.0349370408492328	0.437965171010084	0.147565305993593	-0.0393564920316966
"Clostridia_UCG_014"	-0.340782200987783	0.36997161941824	0.421478036907847	-0.0732368697301978	0.0743817289322781	-0.0158415678574931	0.426066357720411	0.117693810561316	-0.149743074197437	-0.0655269003928525	-0.0858641392872594	0.410032356510111	0.29300026281036	0.39629631821217	0.359096528612314	0.273710806798116	0.118703286658306	0.0347573103124431	0.166159274947119	0.376167361463652	0.264981288368313	0.0548531810695519	-0.194686592172888	0.0977369662153435	0.497394758779788	-0.345173267715306	0.275789320499595	0.0293693575144089	0.546911657703558	-0.397758084386606	-0.310096053422813	0.261300127305407	-0.114728983874996	0.371832716525096	1	0.503846836094007	-0.0536927972173071	0.255886269293494	0.304476504961066	0.0881779498209402	0.0967720493329983	0.42693288202698	0.353666151653112	0.159269314750732	0.400848788407684	0.0315297100753495	-0.227137138610824	0.380880922655263	0.203283515066024	-0.294948926706396
"Lachnospiraceae_NK4A136_group"	-0.333620936469863	0.489183234725043	0.662542247250021	-0.192680651350014	0.240958959206345	-0.111363536554615	0.534440502046528	0.227702941260849	-0.0289614758237181	0.0234819197117122	-0.141480772680802	0.550563386894359	0.223731047099093	0.683607279344805	0.375302838466769	0.206820473426673	0.221109271274455	-0.0571658498607229	0.180905529029409	0.33512452147298	0.4236542804022	0.272660991307378	-0.139214664279939	0.297131561811495	0.564478257375445	-0.421711152328778	0.194595166989563	0.00739016257636677	0.620048780620016	-0.461418191853244	-0.412271816435195	0.478833312542183	0.111850097124402	0.55957694123467	0.503846836094007	1	-0.0355278075405507	0.418187250378935	0.507615069240664	0.259348327320112	0.0280839729211854	0.467017632500179	0.552094902136526	0.184737484809286	0.519086237548054	-0.00157214350791721	-0.117956395816976	0.368717957447566	0.214177091737937	-0.00491158713125651
"Megasphaera"	0.139157588224922	0.0509291586927492	-0.00573580834385394	0.098227398587268	0.0843778237764733	-0.140250369066483	0.0742435589758477	-0.100788126500623	0.0509292383443966	0.0197303940286214	0.304281672752443	-0.0162641367175192	0.00353776896691886	-0.0084879392800168	0.00591780189420284	-0.0407134977074346	-0.0273030645555433	0.0782910812283363	0.230050025494935	-0.00323780584871129	-0.0396033341053308	0.0911041269282988	0.0737308000730254	0.112536427091402	0.00146503772234181	-0.0232844809890036	-0.0730138425118394	0.158427280740503	-0.0889397770837884	-0.0711900008736171	-0.0187486439730499	-0.0248823315278704	0.0190747043070664	-0.0193031224301494	-0.0536927972173071	-0.0355278075405507	1	-0.08230652697228	-0.132856873591283	-0.0788214414380367	-0.0247730505825474	-0.0609228332143847	0.00567057382009851	-0.144278349584998	-0.0437642045693107	-0.0540080950914963	0.0476988567025373	-0.190712927232111	0.0246130600348643	0.0491334500257923
"Butyricicoccus"	-0.13354313425896	0.190409871165469	0.539733343932001	-0.0699370826892456	0.147921103959747	-0.219423539351114	0.392026281558911	0.291401028467185	-0.0749737698536495	0.0368704330404599	-0.247345413873318	0.198982444260479	0.0937003212402596	0.402071083398011	0.181497682702763	0.172839761825436	0.142920798485451	0.0206610184100393	0.104574924430319	0.0637658389834396	0.0804958708090985	0.132264926891197	0.109063566193995	-0.000904428528832844	0.172990557655642	-0.113077098738244	0.198089249558577	0.232845817030782	0.257628455740794	-0.142177609355473	-0.382188793272661	0.442762133758782	0.046003975251587	0.201570450508993	0.255886269293494	0.418187250378935	-0.08230652697228	1	0.482417269798242	0.336736769514031	-0.24545722162886	0.0795654617176263	0.338028430757647	0.189527485214756	0.316861863578935	0.0373504098408582	-0.0210080376686588	0.356727247694248	0.173166133783849	0.106125490901925
"Fusicatenibacter"	-0.0642197735061309	0.41800876182438	0.600121837906373	-0.147559020988524	0.146364689078384	-0.197559314265343	0.519983251552399	0.272629973657914	-0.24302625342074	0.069345951338982	-0.0962068791650903	0.322055012092827	0.13001400923737	0.50336037617407	0.198746312625926	0.169352013818153	-0.0023749521621887	-0.059457737964314	0.113174960794578	0.146483147631233	0.089268552618285	0.256494799644062	-0.0944145175027956	-0.00553255536702869	0.414367077650894	-0.292441260959185	0.0787242782340059	0.166513575380408	0.555351768020229	-0.293533097799102	-0.403939198591811	0.453998639684363	-0.0743178814882442	0.354026208922922	0.304476504961066	0.507615069240664	-0.132856873591283	0.482417269798242	1	0.391916129283168	-0.029981270758981	0.258211165322842	0.56922016506414	0.106937992096714	0.45018359584465	0.0555386072804695	-0.153800026100391	0.271554385074442	0.259753275387256	0.0193366140223804
"Anaerostipes"	0.0504125823387284	0.119820471935476	0.355655370685424	-0.167000458708225	0.0605229108771691	-0.0673901014667575	0.324540013945921	0.348174870933637	-0.151516482348496	0.137290672328054	-0.116968474169976	0.196157203748308	0.05814280261379	0.283212693200571	0.052017691150756	0.103380535749399	-0.0545236600149088	0.127015388382965	0.122920969629518	0.073961848418253	-0.00148803920189427	0.0669114321995535	0.0700251976527138	-0.0473344114718955	0.226387746429279	-0.042367955894935	0.220429340151218	0.141585452749002	0.220158600230799	-0.043572585271988	-0.260924748909801	0.393230508923127	0.0641127083444805	0.158039458489833	0.0881779498209402	0.259348327320112	-0.0788214414380367	0.336736769514031	0.391916129283168	1	-0.0162957512317857	0.0732369485643814	0.43537921136347	0.0744889745551539	0.32642112102543	0.0498694746148249	-0.0921579842195118	0.201277891087796	0.435353479733396	0.0551699150867163
"Methanobrevibacter"	-0.0793014332690011	0.0596518266056752	-0.0541202240777165	-0.0248125139809059	-0.0100391373717397	0.0742687334330677	0.0145576063142946	-0.0436340660618376	-0.0581895331046101	0.140053811713647	0.00471765845478839	0.273378217373147	0.00880521139929662	0.111543664666048	0.103016779240058	-0.0138462463508094	-0.0485941387972823	-0.0771141322747237	0.010116896478478	0.419717053960449	0.11578387023669	0.132762850541782	-0.156989589235099	0.125133522960133	0.277071797130819	-0.176309657136623	-0.0439942895510405	-0.103761352842532	0.16467761361488	-0.0418757550121978	0.0527276157909564	-0.0228997162760357	0.0358217812038836	0.173586602246332	0.0967720493329983	0.0280839729211854	-0.0247730505825474	-0.24545722162886	-0.029981270758981	-0.0162957512317857	1	0.320910045974216	0.133771544774816	0.10385111663435	0.073926430627873	-0.0278399119077872	-0.0229808954689116	0.0614607425755438	0.059750377978169	-0.22265507341701
