""	"Ruminococcaceae"	"Enterobacteriaceae"	"Lachnospiraceae"	"Bifidobacteriaceae"	"Bacteroidaceae"	"Akkermansiaceae"	"Coriobacteriaceae"	"Veillonellaceae"	"Lactobacillaceae"	"Oscillospiraceae"	"coprostanoligenes_group"	"Clostridiaceae"	"Prevotellaceae"	"Peptostreptococcaceae"	"Streptococcaceae"	"Erysipelatoclostridiaceae"	"Christensenellaceae"	"Rikenellaceae"	"Tannerellaceae"	"Enterococcaceae"	"Monoglobaceae"	"Acidaminococcaceae"	"Clostridia_UCG_014"	"Eggerthellaceae"	"Butyricicoccaceae"	"Methanobacteriaceae"	"Fusobacteriaceae"	"Desulfovibrionaceae"	"Selenomonadaceae"	"Erysipelotrichaceae"	"Barnesiellaceae"	"Corynebacteriaceae"	"Sutterellaceae"	"Atopobiaceae"	"Anaerovoracaceae"	"Actinomycetaceae"	"Marinifilaceae"	"Peptostreptococcales_Tissierellales"	"Eubacteriaceae"	"Coriobacteriales_Incertae_Sedis"	"Saccharimonadaceae"	"Pasteurellaceae"	"Leuconostocaceae"	"UCG_010"	"Muribaculaceae"	"Halomonadaceae"	"Gemellaceae"	"Synergistaceae"	"Micrococcaceae"	"Carnobacteriaceae"
"Ruminococcaceae"	0	3.12720285093875e-06	3.1426801322058e-09	0.0113057961721987	0.00444267113131059	0.235811862125771	0.764551292489374	0.303222449369343	0.0268861317499733	4.2945489086803e-06	1.40731119464463e-08	0.477375164092165	3.04831310558076e-05	0.371388802619418	0.0258824256663316	0.400853417980615	9.85491164284528e-05	0.000143822325720239	0.0228656199600583	1.45879625696378e-08	6.75700949156968e-11	0.0283166826093835	2.73381138752121e-06	0.0694979175741696	4.36070364690481e-10	0.55104982159906	0.385644013061448	0.000687739442839204	0.343293829370502	0.270438037335376	0.105874013186395	0.0500039744582359	0.662175247523637	0.00458214855782728	0.244137766172051	2.60791390883606e-05	0.0115440346577039	0.469617935054622	0.000882635461284659	0.0454401409162247	0.136333747388096	0.320736897795376	0.742658142843063	0.169531116544696	0.03347412725112	0.283264705441136	0.00607561922621805	0.677625272532975	0.0147637020667557	0.0743746668358541
"Enterobacteriaceae"	3.12720285093875e-06	0	0.000192872709522008	0.000627877282542789	0.124487032217962	0.630745535634755	0.0142432736142902	0.125429312846504	0.786417575814166	0.000112224682947894	0.000444382352660645	0.337635187934097	0.0555619441395465	0.868422606819664	0.704223730314343	0.848113790001104	0.000615272208057161	0.0161641582513703	0.600833051459772	0.0505947683009482	0.148025328447575	0.0607754667085643	0.0583010340516698	0.119815691057018	0.0852583317701788	0.581179497775295	0.955093771867695	0.561942870074712	0.966544066920125	0.786577053849593	0.0838945970773349	0.461545356727632	0.765248612662844	0.0545639308259031	0.00336089185218534	0.00813235761541447	0.134576782064794	0.246230259861983	0.594894637909196	0.0236915276986564	0.104142413999614	0.0228518548889397	0.648590369342117	0.264669130855749	0.934773718913282	0.611713403318507	0.00173012238789052	0.46369191905776	0.590187252545498	0.374217646722658
"Lachnospiraceae"	3.1426801322058e-09	0.000192872709522008	0	0.17669159002082	0.000529828473215197	0.0255517437186637	0.0761709781732672	0.105959349895813	0.000122867751381994	1.402380834002e-10	3.66404606836768e-09	0.00795953723329285	0.00143720863375473	0.00156897212486309	0.859849512079131	0.00275659879907753	0.000314406316365172	0.00018128522642729	0.0700359175516403	0.00105824947315768	3.81424092697477e-08	0.00071492439271354	8.36604671792899e-06	0.000484868077900835	1.70945817125958e-13	0.589612818115453	0.712470327951678	0.0221700952324303	0.362587819432968	0.000122010938008816	0.596510122614376	0.663210877618974	0.998433711963294	0.483338598492207	0.189003914300861	0.016252961332039	0.219694457553311	0.706112944982148	0.0324608326356083	0.0676747823595306	0.207901712617125	0.223512383994892	0.373039211666308	0.270812812856952	0.705171304552504	0.771574927296265	0.657404542200581	0.262710199378714	0.921560865406661	0.574326728246239
"Bifidobacteriaceae"	0.0113057961721987	0.000627877282542789	0.17669159002082	0	0.256418020956243	0.916903192548473	1.72757523767377e-05	0.683546907469085	0.00116743266237687	0.895271332763495	0.234016323819142	0.0119766730567033	0.00815428042800673	0.476357571979316	0.152366373392188	0.0436934933663565	0.453378848586466	0.0468980233592396	0.0129940368274283	0.00917654799747152	0.0117528806421315	0.91230339528108	4.17841363721964e-06	0.649133612543397	0.11868971568786	0.31315112710311	0.409884009128132	0.224328304400855	0.48099116319311	0.277557374324249	0.130897412892333	0.0851378011118498	0.980974566696022	0.085327856481218	0.0441373860893253	0.358710654638274	0.0841926466117251	0.0324082618876153	0.00362827702334605	0.776350976106412	0.856338389837348	0.927976298949191	0.939412357758447	0.357559695971559	0.203241879803114	0.933527792687939	0.274860282608658	0.597011654799714	0.445673826770521	0.807404912125695
"Bacteroidaceae"	0.00444267113131059	0.124487032217962	0.000529828473215197	0.256418020956243	0	0.0708458740864715	0.491966022281465	0.000399023724779451	0.135663902622429	1.64714289320359e-10	0.00284303650369066	0.820122652402387	0.0140036051610173	0.521423894187579	0.178247153536299	0.27696869653127	0.0538584401309721	3.85934584661637e-16	4.12565208672929e-22	0.031732443855478	0.22681518246446	1.83684165343098e-05	0.33360737974936	0.821408334894166	0.0338096345016855	0.896313926119752	0.230249114184836	0.00021558120404221	0.279088281486718	0.875626525798504	8.11087936398724e-05	0.868939813847308	3.85188017012145e-05	0.40691742270064	0.153245902034802	0.171135233106244	8.15532184322028e-12	0.55147985530686	0.319376019011531	0.254445498965449	0.367198089046874	0.175081839348518	0.147451979503582	0.0430937252947741	0.29311519541545	0.10045558628215	0.0182653874891253	0.143437856368702	0.280767786403605	0.0284174984444276
"Akkermansiaceae"	0.235811862125771	0.630745535634755	0.0255517437186637	0.916903192548473	0.0708458740864715	0	0.73733756689244	0.0461398691499991	0.554989136079956	0.127365584448581	0.0633207617121659	0.0329930876841086	0.082492088695725	0.1840117132683	0.0679116710714437	0.257754558802538	0.00318329033614048	0.118426295577183	0.721818563823822	0.0154892983687311	0.134683388344868	0.39362119124032	0.837065198165772	0.00780431727281671	0.00742197241963652	0.334344295711499	0.144054538000424	0.728041393370432	0.0879983232532131	0.51219883300923	0.055131030741375	0.752277686938939	0.112953055926959	0.756881712263529	1.43656779896199e-07	0.55940404012751	0.211965369449386	0.079311947302205	0.00476780138403482	0.0586078017724484	0.283043571662629	0.00777893319830743	0.713191892237727	0.122436381292663	0.875516619637017	0.367448630978579	0.522347683251983	0.0371517499318728	0.0761501957923657	0.0315809051153738
"Coriobacteriaceae"	0.764551292489374	0.0142432736142902	0.0761709781732672	1.72757523767377e-05	0.491966022281465	0.73733756689244	0	0.00985168485564764	0.746110536141079	0.0605292136946252	0.00172610133412754	0.378156060165704	0.123856207559833	0.486979016102373	0.148212220484771	0.0513862403245027	2.77915953908775e-05	0.200249603250983	0.890334782622282	0.272620508390159	0.164024229913221	0.119542292546436	0.34511825359082	0.00039064784486432	0.527699794704194	0.0176019165904016	0.753971216543486	0.0336881227108909	0.123986177814382	0.10010962223906	0.917376910280005	0.215982708308583	0.305586313323184	0.411328267584952	7.40841494184374e-09	0.748622977862335	0.822810849689955	0.0220130176176793	3.66682895662871e-06	2.72435193307573e-05	0.411736891286955	0.964123312197673	0.918195601349887	0.0230931972728121	0.401952444986937	0.0619836904394275	0.745882890652806	0.39335024614555	0.248700219666501	0.0741737641764086
"Veillonellaceae"	0.303222449369343	0.125429312846504	0.105959349895813	0.683546907469085	0.000399023724779451	0.0461398691499991	0.00985168485564764	0	0.0123577227976484	0.367042981267437	0.70304706488265	0.0749877457079942	0.00879212366001071	0.511052941192263	0.0127651174767509	0.176415819126505	0.772079719751776	0.317691172830711	0.0354854979648658	0.182414147245228	0.157462158177356	0.668237580281991	0.372308249724839	0.506441957989722	0.07440597788776	0.375142354145164	0.002362608440601	0.0793426769708685	0.491912882918585	0.9652659146097	0.281239044876263	0.24828197025043	1.01686411706579e-05	0.111117006320731	0.0208360725603886	0.958032816358094	0.640292344536992	0.708400079711518	0.00559689775555758	0.357394442133509	0.573566072646369	0.0198004300502027	0.73254339178716	0.270763686420489	0.811165730637001	0.876513177928542	0.949312292465781	0.640653100510683	0.465257329663395	0.799412131563632
"Lactobacillaceae"	0.0268861317499733	0.786417575814166	0.000122867751381994	0.00116743266237687	0.135663902622429	0.554989136079956	0.746110536141079	0.0123577227976484	0	0.0970503986773483	0.0634188964308095	0.429319664074876	0.675311431238914	0.247924402989303	3.86283576805661e-07	0.223771339218479	0.384951409448574	0.0113270834812329	0.683162559272596	0.936408459596917	0.232939194066784	0.0598476172516932	0.264145101936364	0.295518968317398	0.00245120689135981	0.951168675998451	0.288645233534824	0.457106697874048	0.297804966972105	0.00876683110289985	0.702361104730049	0.0299191063528656	0.22726079057017	0.000288216514140727	0.562409711089967	0.159809403029682	0.126845846788459	0.0956843738774739	0.242615374639112	0.0433503538252153	0.109566776085597	0.0625144455389759	0.158854204872893	0.920289942533921	0.436006973894458	0.904572359090466	0.422256268092619	0.301521844790001	0.0999523114899292	0.749997589455528
"Oscillospiraceae"	4.2945489086803e-06	0.000112224682947894	1.402380834002e-10	0.895271332763495	1.64714289320359e-10	0.127365584448581	0.0605292136946252	0.367042981267437	0.0970503986773483	0	2.42075477548481e-21	0.317783403046775	2.05308467078774e-05	0.706091117668442	0.0815150135765557	0.240621545925714	3.17779147524711e-23	6.01072063683598e-26	2.45163477641817e-10	0.53936773006883	0.0458866883159853	4.0105629041285e-11	4.33637462656372e-05	1.04184066577214e-05	0.0194861101439626	0.00820437392345138	0.063796023509291	3.21574110226208e-07	0.890880633695464	0.0276823931303786	1.67033430761438e-06	0.173616138111992	0.969020050470359	0.274692364334891	1.09257779068838e-10	0.00239154509161934	1.74445861938111e-10	0.893290274204654	0.369178181726103	9.07631946362875e-08	0.431493004580619	0.0263906227279986	0.808277501692249	4.71808022086793e-10	0.0531202864986297	0.445304726343954	5.72652795571712e-05	0.00217894368745369	0.0786947703800405	0.0139700140601981
"coprostanoligenes_group"	1.40731119464463e-08	0.000444382352660645	3.66404606836768e-09	0.234016323819142	0.00284303650369066	0.0633207617121659	0.00172610133412754	0.70304706488265	0.0634188964308095	2.42075477548481e-21	0	0.219171374423067	2.28465933743095e-08	0.39964467174945	0.0102852713646349	0.10413404469082	5.02633409886043e-23	5.04698163978947e-15	4.36771415025293e-05	0.000400304824742163	2.65183986084937e-06	7.98740349823124e-05	2.55623612988145e-08	0.000151552759866411	0.00435911750337188	0.000297085465433034	0.063719583424911	4.37642456701083e-06	0.280095273067925	0.0194451414530904	0.00163003999197266	0.318194756491106	0.668866506840589	0.469532560434828	3.50496325924694e-06	0.000378484546212936	3.78373726332412e-06	0.574137743053536	0.452171026076694	3.43857637875147e-08	0.753280978299456	0.271831144300278	0.576977751326877	7.50715358183698e-06	0.0111710977122013	0.825707598343344	0.000318739517096008	0.0102903155189995	0.00548452976210425	0.00569269597564329
"Clostridiaceae"	0.477375164092165	0.337635187934097	0.00795953723329285	0.0119766730567033	0.820122652402387	0.0329930876841086	0.378156060165704	0.0749877457079942	0.429319664074876	0.317783403046775	0.219171374423067	0	0.431574611663829	1.93165035658003e-13	0.173097215987831	0.0531217465723765	0.537336605839236	0.830777719921009	0.649321038820456	0.0064022500887832	0.0315040221367958	0.531256196346871	0.000111084167110725	0.212827468397738	0.222404999739469	0.929679849018616	0.735809391189058	0.474746378199345	0.159408506256964	0.060032890840198	0.669940482191788	0.56671112278394	0.479896319102165	0.000836219160289182	0.146140148261468	0.0411371419325428	0.887862509708206	0.629806092575462	0.0182545887754781	0.851243841511063	0.00116408863461587	0.000185221794420368	0.227615467684177	0.97785430933837	0.185648444616629	0.00976306558650267	0.000736254592343828	0.279695891072269	0.204905078300173	0.100246564302421
"Prevotellaceae"	3.04831310558076e-05	0.0555619441395465	0.00143720863375473	0.00815428042800673	0.0140036051610173	0.082492088695725	0.123856207559833	0.00879212366001071	0.675311431238914	2.05308467078774e-05	2.28465933743095e-08	0.431574611663829	0	0.196314992852843	0.223670350439936	0.550463521412725	0.000172669452027007	7.19282840880006e-06	6.8256590131577e-05	0.00365843049867232	0.102017360533869	0.00564445574897718	3.65638559114813e-06	0.0156233441489854	0.00155499396283093	0.17754081101141	0.905552639409173	0.0253123369634974	0.203507594107032	0.2194440717241	0.00506553170669596	0.520071106785301	0.304906244184779	0.742323310732432	0.305445557290048	0.223504173169453	1.93572138486839e-05	0.716588712679834	0.162405785269558	0.00032259293796415	0.436993062740092	0.065281538333283	0.0992445280558283	0.0097270162004205	1.77702352323511e-05	0.42965839668685	0.802255069619672	0.35681906188871	0.803343680078762	0.758517640091686
"Peptostreptococcaceae"	0.371388802619418	0.868422606819664	0.00156897212486309	0.476357571979316	0.521423894187579	0.1840117132683	0.486979016102373	0.511052941192263	0.247924402989303	0.706091117668442	0.39964467174945	1.93165035658003e-13	0.196314992852843	0	0.000169903400268319	0.00828776387116494	0.509155804959568	0.546002005546231	0.215478203500709	0.0277056812741758	0.0160001642709864	0.398916984508827	0.000686630200159721	0.0710132442207686	0.000175766321476093	0.0641185405567644	0.700259608610347	0.32193975624894	0.128075644379738	2.69606131962723e-05	0.572815339550551	0.350017860402537	0.777926827687233	0.000448830820824238	0.255785486745963	1.00164108981018e-05	0.147676808971762	0.769765331525263	0.184564492940171	0.915213755251189	2.54875990166145e-07	2.12444420399419e-05	0.00364156576277836	0.656342272104904	0.0693589053490609	0.0415316473662182	1.41766841189365e-08	0.0166931213542416	0.00989770919634424	1.49242027509098e-05
"Streptococcaceae"	0.0258824256663316	0.704223730314343	0.859849512079131	0.152366373392188	0.178247153536299	0.0679116710714437	0.148212220484771	0.0127651174767509	3.86283576805661e-07	0.0815150135765557	0.0102852713646349	0.173097215987831	0.223670350439936	0.000169903400268319	0	0.0782496658776788	0.62255000705766	0.0634320618205991	0.257077413425432	0.25903699919283	0.633862747689323	0.81408952332831	0.796956135021424	0.17455249920992	0.780418808310853	0.275290748605067	0.0778798585407005	0.663558697024068	0.120957446551099	0.0223253454215095	0.800929301732034	0.657489321354853	0.698210892367791	1.94871299370994e-08	0.899941971731512	4.61477294429851e-12	0.017837105049017	0.0987636191376894	0.503465367599017	0.396900333428365	1.44116690621882e-07	2.2065521995146e-08	6.34300920627828e-06	0.854117146289554	0.492503287998626	0.000913503309772834	1.36574070554003e-10	0.984302903138657	1.3619614066864e-05	9.96317566114848e-10
"Erysipelatoclostridiaceae"	0.400853417980615	0.848113790001104	0.00275659879907753	0.0436934933663565	0.27696869653127	0.257754558802538	0.0513862403245027	0.176415819126505	0.223771339218479	0.240621545925714	0.10413404469082	0.0531217465723765	0.550463521412725	0.00828776387116494	0.0782496658776788	0	0.00394289348692865	0.330718828901834	0.140385725253438	0.613731868379838	0.00246505423449449	0.807361448026821	0.523611241386044	1.66747042367815e-05	0.0180014059221853	0.965943156466274	0.505532378060792	0.326197487274347	0.934696838854521	6.49661918879094e-08	0.846861993358748	0.0877569086649608	0.0619129914453472	0.0512559146261648	0.0116921998434722	0.0723114537355988	0.742026946653072	0.0215971069343713	0.00574611835100154	0.376196304985331	0.06871219912264	0.132464646374606	0.0643983496188434	0.0969623902194839	0.424016168846913	0.00107959367671117	0.0231332504299271	0.817974987529546	0.0154739172804943	0.125946318418646
"Christensenellaceae"	9.85491164284528e-05	0.000615272208057161	0.000314406316365172	0.453378848586466	0.0538584401309721	0.00318329033614048	2.77915953908775e-05	0.772079719751776	0.384951409448574	3.17779147524711e-23	5.02633409886043e-23	0.537336605839236	0.000172669452027007	0.509155804959568	0.62255000705766	0.00394289348692865	0	9.04610382080497e-16	2.18130401418872e-05	0.641542398761821	0.0711777393903206	1.29879945271261e-07	5.64831930256886e-06	5.22530796443668e-08	0.435541871483009	8.61840740322458e-08	0.528361310941215	7.5533240634244e-09	0.55014715933606	0.000992089028355122	2.6694583046346e-07	0.137094094261203	0.0344805448499362	0.756942240432836	1.21241246533714e-20	0.139553609217147	6.51756383824925e-09	0.0233443833459841	0.000186102079501575	2.61234019627104e-09	0.555536501418518	0.379696582471141	0.660262920937667	1.60674483519332e-15	0.0184601349720461	0.0178870706639782	0.0205647696837426	1.18862097311201e-05	0.193643010173714	0.0860292949131953
"Rikenellaceae"	0.000143822325720239	0.0161641582513703	0.00018128522642729	0.0468980233592396	3.85934584661637e-16	0.118426295577183	0.200249603250983	0.317691172830711	0.0113270834812329	6.01072063683598e-26	5.04698163978947e-15	0.830777719921009	7.19282840880006e-06	0.546002005546231	0.0634320618205991	0.330718828901834	9.04610382080497e-16	0	6.77564636564007e-20	0.347394080011095	0.0509325403269508	6.55147631504722e-07	0.000541352749868612	0.00173276787251567	0.250293857038935	0.103313975868249	0.0960525590546397	7.72681757616927e-11	0.546593167365313	0.172587062953362	2.28594524496668e-10	0.118408607273341	0.101984691207661	0.224404372031153	9.52422485758696e-08	0.209599200597919	3.17265174513983e-21	0.515620920102497	0.554846401414423	8.81579212677551e-09	0.17242011125675	0.0313131376655052	0.230783189464124	4.2825409606375e-08	0.0442781914774437	0.985299072374364	0.00412066083886959	0.000641790084241344	0.0156262853847713	0.00723876481545706
"Tannerellaceae"	0.0228656199600583	0.600833051459772	0.0700359175516403	0.0129940368274283	4.12565208672929e-22	0.721818563823822	0.890334782622282	0.0354854979648658	0.683162559272596	2.45163477641817e-10	4.36771415025293e-05	0.649321038820456	6.8256590131577e-05	0.215478203500709	0.257077413425432	0.140385725253438	2.18130401418872e-05	6.77564636564007e-20	0	0.512288098036041	0.260152254457967	8.17130390302508e-08	0.21149427957666	0.0249104087487764	0.924569138461867	0.0933950128183195	0.504448944388108	5.36564245515394e-06	0.821617742808681	0.461939784010457	1.00911015447285e-05	0.184178868241961	0.0693584537549038	0.876962106511143	0.00927120410205075	0.940340972866887	2.56778962658023e-17	0.315735849064327	0.630199475071463	0.00186983425786303	0.690021244122893	0.12983564339719	0.0951509897083119	0.0020716798308015	0.13784113456478	0.316646738588725	0.0815729704660019	0.000485811129459768	0.127073674576517	0.0408118707659084
"Enterococcaceae"	1.45879625696378e-08	0.0505947683009482	0.00105824947315768	0.00917654799747152	0.031732443855478	0.0154892983687311	0.272620508390159	0.182414147245228	0.936408459596917	0.53936773006883	0.000400304824742163	0.0064022500887832	0.00365843049867232	0.0277056812741758	0.25903699919283	0.613731868379838	0.641542398761821	0.347394080011095	0.512288098036041	0	1.78700219455831e-06	0.700571830168986	3.66727285057738e-05	0.208381975505322	5.57381126148871e-08	0.493392861073914	0.277901298677222	0.178384080276569	0.43951927731965	0.403009690728507	0.792273644318521	1.84800673583065e-07	0.944060742206647	0.716226054108798	0.471142464390365	0.204216697068944	0.288157711363475	0.764554686348742	9.42386915124983e-05	0.893804593823693	0.0343034334080999	0.0499987384963278	0.0210531517442424	0.490070611632501	0.0303741826830885	0.00638259689476725	0.851241679478965	0.689233324327545	0.180445899765044	0.192741493054452
"Monoglobaceae"	6.75700949156968e-11	0.148025328447575	3.81424092697477e-08	0.0117528806421315	0.22681518246446	0.134683388344868	0.164024229913221	0.157462158177356	0.232939194066784	0.0458866883159853	2.65183986084937e-06	0.0315040221367958	0.102017360533869	0.0160001642709864	0.633862747689323	0.00246505423449449	0.0711777393903206	0.0509325403269508	0.260152254457967	1.78700219455831e-06	0	0.673506824654058	0.000556338330701917	0.0982126769423237	9.57934785864574e-10	0.766241099365384	0.558722725500226	0.590177282763039	0.0751689107701402	0.519706929046879	0.928555359630064	0.0117260018565751	0.459384608279478	0.649139259722596	0.974304470491135	0.691264569380667	0.702556222116063	0.757850462898223	0.000424228440898609	0.244612368801758	0.117489572736042	0.00902110894005963	0.439742957681172	0.983264307483124	0.719638282224285	0.9713092848311	0.701984470018008	0.599221435170996	0.824741842028151	0.26556331131439
"Acidaminococcaceae"	0.0283166826093835	0.0607754667085643	0.00071492439271354	0.91230339528108	1.83684165343098e-05	0.39362119124032	0.119542292546436	0.668237580281991	0.0598476172516932	4.0105629041285e-11	7.98740349823124e-05	0.531256196346871	0.00564445574897718	0.398916984508827	0.81408952332831	0.807361448026821	1.29879945271261e-07	6.55147631504722e-07	8.17130390302508e-08	0.700571830168986	0.673506824654058	0	0.103755736437627	0.00762880655477965	0.0850679931516087	0.0359610768773343	0.416682852766857	4.32030010354445e-06	0.428971963642054	0.130047708882593	0.000622838008139448	0.237974825300031	0.209106499620743	0.580596660605859	6.97048793166889e-05	0.084987401625799	5.30327111442556e-07	0.551611982451516	0.00271546334524037	0.00441908128795753	0.395131991622141	0.124347947204129	0.339633623870888	2.95129187444488e-07	0.651590555798865	0.976495355370515	0.0535881821997436	0.00337459073855827	0.835116135358855	0.197695927920682
"Clostridia_UCG_014"	2.73381138752121e-06	0.0583010340516698	8.36604671792899e-06	4.17841363721964e-06	0.33360737974936	0.837065198165772	0.34511825359082	0.372308249724839	0.264145101936364	4.33637462656372e-05	2.55623612988145e-08	0.000111084167110725	3.65638559114813e-06	0.000686630200159721	0.796956135021424	0.523611241386044	5.64831930256886e-06	0.000541352749868612	0.21149427957666	3.66727285057738e-05	0.000556338330701917	0.103755736437627	0	0.117693250022785	0.00113165179619047	0.207981763728666	0.511276220194167	0.0105877104910607	0.478534838530239	0.890310149290775	0.0105848812538075	0.00919915822301376	0.264288262680007	0.931437595091357	0.698244431197983	0.0737687088322095	0.0204652811592802	0.404785754931816	0.000288665409831409	0.0163751348859373	0.426419086083911	0.0715910704081794	0.42026351315606	0.000251948785916852	0.0142079031435367	0.611057685446507	0.514340491275784	0.771305461377498	0.127298298374612	0.928602135850397
"Eggerthellaceae"	0.0694979175741696	0.119815691057018	0.000484868077900835	0.649133612543397	0.821408334894166	0.00780431727281671	0.00039064784486432	0.506441957989722	0.295518968317398	1.04184066577214e-05	0.000151552759866411	0.212827468397738	0.0156233441489854	0.0710132442207686	0.17455249920992	1.66747042367815e-05	5.22530796443668e-08	0.00173276787251567	0.0249104087487764	0.208381975505322	0.0982126769423237	0.00762880655477965	0.117693250022785	0	0.667011990418225	0.0111876596608225	0.0861792372051409	0.00216987051878274	0.824396573097808	4.81453141180367e-05	0.0311273268150147	0.0233625884107766	0.846394356510244	0.00882114912991692	1.31607292486297e-09	0.0889716681624309	0.0963803032094213	5.55161571642138e-05	1.46296096295165e-05	2.65495748624034e-07	0.0160447584221902	0.466848188973022	0.145188046706904	0.00365361946654042	0.0471859151734059	7.97294538702079e-07	0.0872453530134019	0.056209392016553	0.523108138803769	0.527601585995904
"Butyricicoccaceae"	4.36070364690481e-10	0.0852583317701788	1.70945817125958e-13	0.11868971568786	0.0338096345016855	0.00742197241963652	0.527699794704194	0.07440597788776	0.00245120689135981	0.0194861101439626	0.00435911750337188	0.222404999739469	0.00155499396283093	0.000175766321476093	0.780418808310853	0.0180014059221853	0.435541871483009	0.250293857038935	0.924569138461867	5.57381126148871e-08	9.57934785864574e-10	0.0850679931516087	0.00113165179619047	0.667011990418225	0	0.000631831732479013	0.153571474579941	0.194554368918692	0.741290761925384	0.00678485284931907	0.514010106745566	0.0691874290393874	0.0537490695232785	0.0267771636478604	0.615973705353217	0.192645713195651	0.0989714653265525	0.0500174521070192	0.00161422798279741	0.347805986564449	0.557595642298895	0.000495908748486603	0.969399973621231	0.355379223482709	0.335797359115258	0.127462251274602	0.556950042852902	0.000263118655246767	0.406839026618751	0.0445680691162698
"Methanobacteriaceae"	0.55104982159906	0.581179497775295	0.589612818115453	0.31315112710311	0.896313926119752	0.334344295711499	0.0176019165904016	0.375142354145164	0.951168675998451	0.00820437392345138	0.000297085465433034	0.929679849018616	0.17754081101141	0.0641185405567644	0.275290748605067	0.965943156466274	8.61840740322458e-08	0.103313975868249	0.0933950128183195	0.493392861073914	0.766241099365384	0.0359610768773343	0.207981763728666	0.0111876596608225	0.000631831732479013	0	0.134290639127905	0.00532081283670195	0.789691076456216	0.65783998322967	3.3682058468914e-05	0.254074079704258	0.254750759273706	0.57821489434027	0.00140954814056868	0.608275038435406	0.000681550810366129	0.0234882864068016	0.025513408973843	0.00564465380648612	0.998481934737092	0.0650986958382324	0.537470790545784	4.31091256185736e-07	0.0459474696625592	0.00147352503951876	0.189033352347877	1.44758521500706e-05	0.630851268537352	0.250895571248534
"Fusobacteriaceae"	0.385644013061448	0.955093771867695	0.712470327951678	0.409884009128132	0.230249114184836	0.144054538000424	0.753971216543486	0.002362608440601	0.288645233534824	0.063796023509291	0.063719583424911	0.735809391189058	0.905552639409173	0.700259608610347	0.0778798585407005	0.505532378060792	0.528361310941215	0.0960525590546397	0.504448944388108	0.277901298677222	0.558722725500226	0.416682852766857	0.511276220194167	0.0861792372051409	0.153571474579941	0.134290639127905	0	0.442218452212725	0.999807754061116	0.660880737442817	0.951438141086819	0.288456829181512	0.455603369240408	0.321763948616826	0.241254169067862	0.291272638488861	0.738093493439715	0.203412743292109	0.507618308711911	0.21827847259977	0.390309996403674	0.163325304961846	0.141168114143108	0.450251606577824	0.575030054484054	0.443381360416082	0.104022740542548	0.881083895013055	0.0391690755826894	0.327749740995063
"Desulfovibrionaceae"	0.000687739442839204	0.561942870074712	0.0221700952324303	0.224328304400855	0.00021558120404221	0.728041393370432	0.0336881227108909	0.0793426769708685	0.457106697874048	3.21574110226208e-07	4.37642456701083e-06	0.474746378199345	0.0253123369634974	0.32193975624894	0.663558697024068	0.326197487274347	7.5533240634244e-09	7.72681757616927e-11	5.36564245515394e-06	0.178384080276569	0.590177282763039	4.32030010354445e-06	0.0105877104910607	0.00216987051878274	0.194554368918692	0.00532081283670195	0.442218452212725	0	0.264520028383991	0.206497624032055	0.00108038419374365	0.160929069153912	0.255225172070503	0.823377309132727	8.10425811072147e-05	0.401591022357832	3.85387244273576e-07	0.360642435146329	0.351349812498388	0.00325076049572377	0.23731131483198	0.463176587393348	0.216521667794054	0.00015291022091298	0.281435326932384	0.601518215388099	0.77242645160024	3.06601376074817e-06	0.349072460467824	0.721209393851074
"Selenomonadaceae"	0.343293829370502	0.966544066920125	0.362587819432968	0.48099116319311	0.279088281486718	0.0879983232532131	0.123986177814382	0.491912882918585	0.297804966972105	0.890880633695464	0.280095273067925	0.159408506256964	0.203507594107032	0.128075644379738	0.120957446551099	0.934696838854521	0.55014715933606	0.546593167365313	0.821617742808681	0.43951927731965	0.0751689107701402	0.428971963642054	0.478534838530239	0.824396573097808	0.741290761925384	0.789691076456216	0.999807754061116	0.264520028383991	0	0.267361017395306	0.311353317551002	0.483388280269144	0.538076041795597	0.319137058646548	0.397104595867166	0.408634488632433	0.505271641916635	0.706384580974959	0.118021496887655	0.364465560362191	0.056230487393011	0.00384168811721851	0.738524411686774	0.281404930553344	0.94962582435202	0.197785926842472	0.00886850972464955	0.729188172482509	0.261540231948695	0.00348539712816983
"Erysipelotrichaceae"	0.270438037335376	0.786577053849593	0.000122010938008816	0.277557374324249	0.875626525798504	0.51219883300923	0.10010962223906	0.9652659146097	0.00876683110289985	0.0276823931303786	0.0194451414530904	0.060032890840198	0.2194440717241	2.69606131962723e-05	0.0223253454215095	6.49661918879094e-08	0.000992089028355122	0.172587062953362	0.461939784010457	0.403009690728507	0.519706929046879	0.130047708882593	0.890310149290775	4.81453141180367e-05	0.00678485284931907	0.65783998322967	0.660880737442817	0.206497624032055	0.267361017395306	0	0.938468454919227	0.0297979534674661	0.55628771774847	0.0516748348506065	0.000755898194251712	0.0842560428891074	0.260397722386246	0.0472222338243981	0.0186321819785733	0.0942142986365294	0.103169711439208	0.0836285814701715	0.0845998507025985	0.400601228526997	0.714565215667508	0.102267488927498	0.0119868412221159	0.684934307633537	0.392912886865861	0.0193943979123105
"Barnesiellaceae"	0.105874013186395	0.0838945970773349	0.596510122614376	0.130897412892333	8.11087936398724e-05	0.055131030741375	0.917376910280005	0.281239044876263	0.702361104730049	1.67033430761438e-06	0.00163003999197266	0.669940482191788	0.00506553170669596	0.572815339550551	0.800929301732034	0.846861993358748	2.6694583046346e-07	2.28594524496668e-10	1.00911015447285e-05	0.792273644318521	0.928555359630064	0.000622838008139448	0.0105848812538075	0.0311273268150147	0.514010106745566	3.3682058468914e-05	0.951438141086819	0.00108038419374365	0.311353317551002	0.938468454919227	0	0.948539180541044	0.530889895817245	0.913733949945213	0.000879492567193661	0.424372482580473	6.57914221051821e-09	0.451058717821868	0.015267966682002	0.000210428864126692	0.311202866795766	0.556869084689574	0.390679295903131	1.82609304775069e-08	0.0452838185248241	0.0507056497387255	0.466280106762268	0.0214748333876163	0.815536953646579	0.253541874882899
"Corynebacteriaceae"	0.0500039744582359	0.461545356727632	0.663210877618974	0.0851378011118498	0.868939813847308	0.752277686938939	0.215982708308583	0.24828197025043	0.0299191063528656	0.173616138111992	0.318194756491106	0.56671112278394	0.520071106785301	0.350017860402537	0.657489321354853	0.0877569086649608	0.137094094261203	0.118408607273341	0.184178868241961	1.84800673583065e-07	0.0117260018565751	0.237974825300031	0.00919915822301376	0.0233625884107766	0.0691874290393874	0.254074079704258	0.288456829181512	0.160929069153912	0.483388280269144	0.0297979534674661	0.948539180541044	0	0.38501198290674	0.993976614199894	0.00649921594456584	0.0365557970102742	0.271513563800544	0.656813446483454	7.27036050407394e-10	0.267592764246141	0.604959191869664	0.0251794333873978	0.465307353814989	0.148483148536497	0.70644190880135	6.26559527163159e-08	0.531604903630527	0.966451882554038	0.0400641155951595	0.595968238174819
"Sutterellaceae"	0.662175247523637	0.765248612662844	0.998433711963294	0.980974566696022	3.85188017012145e-05	0.112953055926959	0.305586313323184	1.01686411706579e-05	0.22726079057017	0.969020050470359	0.668866506840589	0.479896319102165	0.304906244184779	0.777926827687233	0.698210892367791	0.0619129914453472	0.0344805448499362	0.101984691207661	0.0693584537549038	0.944060742206647	0.459384608279478	0.209106499620743	0.264288262680007	0.846394356510244	0.0537490695232785	0.254750759273706	0.455603369240408	0.255225172070503	0.538076041795597	0.55628771774847	0.530889895817245	0.38501198290674	0	0.442456354266207	0.488773810509215	0.0880528604969827	0.559936813795402	0.184470541500286	0.653539710681794	0.45069766162489	0.13280557784269	0.797441901308046	0.0627524810527904	0.854820815059527	0.55196634427654	0.884287639730477	0.457003398635085	0.716336298069058	0.420830697855651	0.462113213391326
"Atopobiaceae"	0.00458214855782728	0.0545639308259031	0.483338598492207	0.085327856481218	0.40691742270064	0.756881712263529	0.411328267584952	0.111117006320731	0.000288216514140727	0.274692364334891	0.469532560434828	0.000836219160289182	0.742323310732432	0.000448830820824238	1.94871299370994e-08	0.0512559146261648	0.756942240432836	0.224404372031153	0.876962106511143	0.716226054108798	0.649139259722596	0.580596660605859	0.931437595091357	0.00882114912991692	0.0267771636478604	0.57821489434027	0.321763948616826	0.823377309132727	0.319137058646548	0.0516748348506065	0.913733949945213	0.993976614199894	0.442456354266207	0	0.91133514187606	1.81607144808786e-12	0.295063218268246	0.00152918623518597	0.279835503332611	0.755073760717252	3.78151661908961e-14	0.00979634317457815	0.131168486261363	0.944563076800566	0.550278526288855	0.00306116971580799	1.6419607579113e-08	0.192260303564066	0.00236942414964498	0.000137979606627842
"Anaerovoracaceae"	0.244137766172051	0.00336089185218534	0.189003914300861	0.0441373860893253	0.153245902034802	1.43656779896199e-07	7.40841494184374e-09	0.0208360725603886	0.562409711089967	1.09257779068838e-10	3.50496325924694e-06	0.146140148261468	0.305445557290048	0.255785486745963	0.899941971731512	0.0116921998434722	1.21241246533714e-20	9.52422485758696e-08	0.00927120410205075	0.471142464390365	0.974304470491135	6.97048793166889e-05	0.698244431197983	1.31607292486297e-09	0.615973705353217	0.00140954814056868	0.241254169067862	8.10425811072147e-05	0.397104595867166	0.000755898194251712	0.000879492567193661	0.00649921594456584	0.488773810509215	0.91133514187606	0	0.499263514921837	0.000943147916144034	0.00526573238575201	6.36604811525096e-11	1.80661269541383e-07	0.950941962189688	0.0998245925446294	0.586508174582379	7.97378479683895e-06	0.0224024763842222	0.0110095854806992	0.368442997729494	0.00787926758494429	0.990922367868058	0.723145240245237
"Actinomycetaceae"	2.60791390883606e-05	0.00813235761541447	0.016252961332039	0.358710654638274	0.171135233106244	0.55940404012751	0.748622977862335	0.958032816358094	0.159809403029682	0.00239154509161934	0.000378484546212936	0.0411371419325428	0.223504173169453	1.00164108981018e-05	4.61477294429851e-12	0.0723114537355988	0.139553609217147	0.209599200597919	0.940340972866887	0.204216697068944	0.691264569380667	0.084987401625799	0.0737687088322095	0.0889716681624309	0.192645713195651	0.608275038435406	0.291272638488861	0.401591022357832	0.408634488632433	0.0842560428891074	0.424372482580473	0.0365557970102742	0.0880528604969827	1.81607144808786e-12	0.499263514921837	0	0.432704899075055	0.111007706822111	0.0323508484393918	0.697881448607947	6.78448623540921e-13	0.00455541584938067	0.00108194400817151	0.282482455742081	0.640331863499466	2.67262424625574e-06	3.92828086312065e-16	0.756753945050187	1.54980756377227e-05	4.88163601407741e-11
"Marinifilaceae"	0.0115440346577039	0.134576782064794	0.219694457553311	0.0841926466117251	8.15532184322028e-12	0.211965369449386	0.822810849689955	0.640292344536992	0.126845846788459	1.74445861938111e-10	3.78373726332412e-06	0.887862509708206	1.93572138486839e-05	0.147676808971762	0.017837105049017	0.742026946653072	6.51756383824925e-09	3.17265174513983e-21	2.56778962658023e-17	0.288157711363475	0.702556222116063	5.30327111442556e-07	0.0204652811592802	0.0963803032094213	0.0989714653265525	0.000681550810366129	0.738093493439715	3.85387244273576e-07	0.505271641916635	0.260397722386246	6.57914221051821e-09	0.271513563800544	0.559936813795402	0.295063218268246	0.000943147916144034	0.432704899075055	0	0.491672014012761	0.633711613856561	0.000399596181153983	0.0314763623407725	0.00704663971871673	0.485986521146917	5.21889021738092e-08	0.0335142367789065	0.99876376721365	0.0111528097038966	5.93248119570338e-05	0.133379112680056	0.0129095716339494
"Peptostreptococcales_Tissierellales"	0.469617935054622	0.246230259861983	0.706112944982148	0.0324082618876153	0.55147985530686	0.079311947302205	0.0220130176176793	0.708400079711518	0.0956843738774739	0.893290274204654	0.574137743053536	0.629806092575462	0.716588712679834	0.769765331525263	0.0987636191376894	0.0215971069343713	0.0233443833459841	0.515620920102497	0.315735849064327	0.764554686348742	0.757850462898223	0.551611982451516	0.404785754931816	5.55161571642138e-05	0.0500174521070192	0.0234882864068016	0.203412743292109	0.360642435146329	0.706384580974959	0.0472222338243981	0.451058717821868	0.656813446483454	0.184470541500286	0.00152918623518597	0.00526573238575201	0.111007706822111	0.491672014012761	0	0.00559843256524545	0.307492915816686	0.0694901689202475	0.487953771523196	0.977348094288898	0.0976619632663464	0.752322044432843	0.0367424885805151	0.101981213040219	0.093823769983327	0.0802557331742334	0.250290074981405
"Eubacteriaceae"	0.000882635461284659	0.594894637909196	0.0324608326356083	0.00362827702334605	0.319376019011531	0.00476780138403482	3.66682895662871e-06	0.00559689775555758	0.242615374639112	0.369178181726103	0.452171026076694	0.0182545887754781	0.162405785269558	0.184564492940171	0.503465367599017	0.00574611835100154	0.000186102079501575	0.554846401414423	0.630199475071463	9.42386915124983e-05	0.000424228440898609	0.00271546334524037	0.000288665409831409	1.46296096295165e-05	0.00161422798279741	0.025513408973843	0.507618308711911	0.351349812498388	0.118021496887655	0.0186321819785733	0.015267966682002	7.27036050407394e-10	0.653539710681794	0.279835503332611	6.36604811525096e-11	0.0323508484393918	0.633711613856561	0.00559843256524545	0	0.0143777125700085	0.456429658107889	0.0126787758336743	0.51391748701832	0.0104644879571998	0.297737123365237	0.00115471471619881	0.297324685872629	0.014260910529377	0.233828902047774	0.485059050074925
"Coriobacteriales_Incertae_Sedis"	0.0454401409162247	0.0236915276986564	0.0676747823595306	0.776350976106412	0.254445498965449	0.0586078017724484	2.72435193307573e-05	0.357394442133509	0.0433503538252153	9.07631946362875e-08	3.43857637875147e-08	0.851243841511063	0.00032259293796415	0.915213755251189	0.396900333428365	0.376196304985331	2.61234019627104e-09	8.81579212677551e-09	0.00186983425786303	0.893804593823693	0.244612368801758	0.00441908128795753	0.0163751348859373	2.65495748624034e-07	0.347805986564449	0.00564465380648612	0.21827847259977	0.00325076049572377	0.364465560362191	0.0942142986365294	0.000210428864126692	0.267592764246141	0.45069766162489	0.755073760717252	1.80661269541383e-07	0.697881448607947	0.000399596181153983	0.307492915816686	0.0143777125700085	0	0.3461899576068	0.88659087150049	0.033812025570886	0.00110187133547536	0.76994949969542	0.0462644528519279	0.0730757571387938	0.0237671643975327	0.283274665274294	0.518098945262014
"Saccharimonadaceae"	0.136333747388096	0.104142413999614	0.207901712617125	0.856338389837348	0.367198089046874	0.283043571662629	0.411736891286955	0.573566072646369	0.109566776085597	0.431493004580619	0.753280978299456	0.00116408863461587	0.436993062740092	2.54875990166145e-07	1.44116690621882e-07	0.06871219912264	0.555536501418518	0.17242011125675	0.690021244122893	0.0343034334080999	0.117489572736042	0.395131991622141	0.426419086083911	0.0160447584221902	0.557595642298895	0.998481934737092	0.390309996403674	0.23731131483198	0.056230487393011	0.103169711439208	0.311202866795766	0.604959191869664	0.13280557784269	3.78151661908961e-14	0.950941962189688	6.78448623540921e-13	0.0314763623407725	0.0694901689202475	0.456429658107889	0.3461899576068	0	3.87372420043284e-05	0.605576042550972	0.848875021149634	0.219749360524505	0.000153520871353335	1.9428268244013e-15	0.260222119256898	0.000108646559577912	7.10111209489605e-11
