""	"Methanobacteria"	"Actinobacteria"	"Coriobacteriia"	"Bacteroidia"	"Campylobacteria"	"Desulfovibrionia"	"Bacilli"	"Clostridia"	"Incertae_Sedis"	"Negativicutes"	"Fusobacteriia"	"Saccharimonadia"	"Alphaproteobacteria"	"Gammaproteobacteria"	"Synergistia"	"Lentisphaeria"	"Verrucomicrobiae"
"Methanobacteria"	0	0.406596960573032	0.0369622124756427	0.510354928100458	0.991292790518953	0.00532081283670195	0.740633653795359	0.648061521738097	0.473106946652333	0.835876445192017	0.134290639127905	0.924369585610334	0.0448926859481357	0.428546376168876	1.44758521500706e-05	0.181047076893091	0.334344295711499
"Actinobacteria"	0.406596960573032	0	1.10918254550548e-06	0.0392520934364732	0.286549177193293	0.108756353274544	8.21809162955711e-07	7.8350323930862e-05	0.718258812431386	0.876215573372241	0.434756484469052	0.220322615438033	0.0332173862044012	0.000504963315973252	0.464400216199648	0.185255050589432	0.825435597801753
"Coriobacteriia"	0.0369622124756427	1.10918254550548e-06	0	0.824334833998194	0.00412646889635282	0.0196361752006839	0.000707137130884257	0.647511524311446	0.250280361091156	0.0911357494173021	0.684890134820917	0.013674490856174	0.0016198701912853	0.00834095226230572	0.11428107821497	0.726683761055635	0.196881968204774
"Bacteroidia"	0.510354928100458	0.0392520934364732	0.824334833998194	0	0.980037183623335	8.46815564057654e-05	0.0560537690842974	0.0378167909224119	0.223338821057726	4.66845773771518e-11	0.556444046105015	0.410555992153598	0.575475218472676	0.0491960986388273	0.153556303614473	0.275734291374413	0.0653217954777769
"Campylobacteria"	0.991292790518953	0.286549177193293	0.00412646889635282	0.980037183623335	0	0.495087515766886	0.0941259746546629	0.607478334730967	0.00418575984971051	0.295295878280094	0.355209893328435	0.0553530479245496	7.07565676787688e-07	0.329091687535926	0.958615126133118	0.000472849095782065	0.636185794974365
"Desulfovibrionia"	0.00532081283670195	0.108756353274544	0.0196361752006839	8.46815564057654e-05	0.495087515766886	0	0.0618128875367842	0.00311958427211639	0.0447638928473901	0.00367398316942817	0.442218452212725	0.355589922484285	0.814710546404185	0.407637424142794	3.06601376074817e-06	0.0797717371943838	0.728041393370432
"Bacilli"	0.740633653795359	8.21809162955711e-07	0.000707137130884257	0.0560537690842974	0.0941259746546629	0.0618128875367842	0	0.000673723284721414	0.99644758815688	0.896399103591151	0.84917458175097	2.16995564226216e-05	2.0295915335771e-05	0.452092183748312	0.954203372569437	0.588449174364632	0.836041753176232
"Clostridia"	0.648061521738097	7.8350323930862e-05	0.647511524311446	0.0378167909224119	0.607478334730967	0.00311958427211639	0.000673723284721414	0	0.906646736450462	0.693360477365733	0.724018271419038	0.690237710417332	0.0930798372718381	5.66426251666724e-07	0.188193067368739	0.886921195435883	0.040226215836425
"Incertae_Sedis"	0.473106946652333	0.718258812431386	0.250280361091156	0.223338821057726	0.00418575984971051	0.0447638928473901	0.99644758815688	0.906646736450462	0	0.916250083846792	0.51726676760253	0.654824601854207	0.690708045068357	0.437459107468488	0.346753543149517	3.29797717314633e-08	0.596613946989824
"Negativicutes"	0.835876445192017	0.876215573372241	0.0911357494173021	4.66845773771518e-11	0.295295878280094	0.00367398316942817	0.896399103591151	0.693360477365733	0.916250083846792	0	0.00258130187763227	0.913150160916729	0.789589529502028	0.077167887842566	0.158753920633458	0.676886632471595	0.0239558870330751
"Fusobacteriia"	0.134290639127905	0.434756484469052	0.684890134820917	0.556444046105015	0.355209893328435	0.442218452212725	0.84917458175097	0.724018271419038	0.51726676760253	0.00258130187763227	0	0.424466115251239	0.589183644574355	0.776227925174259	0.881083895013055	0.598143531822212	0.144054538000424
"Saccharimonadia"	0.924369585610334	0.220322615438033	0.013674490856174	0.410555992153598	0.0553530479245496	0.355589922484285	2.16995564226216e-05	0.690237710417332	0.654824601854207	0.913150160916729	0.424466115251239	0	0.0151509974121438	0.0470646481565167	0.244547947923477	0.466559105146789	0.210828204620545
"Alphaproteobacteria"	0.0448926859481357	0.0332173862044012	0.0016198701912853	0.575475218472676	7.07565676787688e-07	0.814710546404185	2.0295915335771e-05	0.0930798372718381	0.690708045068357	0.789589529502028	0.589183644574355	0.0151509974121438	0	0.80827251881293	0.927750495803122	0.327565628686486	0.0398961278393313
"Gammaproteobacteria"	0.428546376168876	0.000504963315973252	0.00834095226230572	0.0491960986388273	0.329091687535926	0.407637424142794	0.452092183748312	5.66426251666724e-07	0.437459107468488	0.077167887842566	0.776227925174259	0.0470646481565167	0.80827251881293	0	0.687973196694583	0.365570898320401	0.358073204876959
"Synergistia"	1.44758521500706e-05	0.464400216199648	0.11428107821497	0.153556303614473	0.958615126133118	3.06601376074817e-06	0.954203372569437	0.188193067368739	0.346753543149517	0.158753920633458	0.881083895013055	0.244547947923477	0.927750495803122	0.687973196694583	0	0.175235414150672	0.0371517499318728
"Lentisphaeria"	0.181047076893091	0.185255050589432	0.726683761055635	0.275734291374413	0.000472849095782065	0.0797717371943838	0.588449174364632	0.886921195435883	3.29797717314633e-08	0.676886632471595	0.598143531822212	0.466559105146789	0.327565628686486	0.365570898320401	0.175235414150672	0	0.0523317531161224
"Verrucomicrobiae"	0.334344295711499	0.825435597801753	0.196881968204774	0.0653217954777769	0.636185794974365	0.728041393370432	0.836041753176232	0.040226215836425	0.596613946989824	0.0239558870330751	0.144054538000424	0.210828204620545	0.0398961278393313	0.358073204876959	0.0371517499318728	0.0523317531161224	0
