""	"Methanobacteria"	"Actinobacteria"	"Coriobacteriia"	"Bacteroidia"	"Campylobacteria"	"Desulfovibrionia"	"Bacilli"	"Clostridia"	"Incertae_Sedis"	"Negativicutes"	"Fusobacteriia"	"Saccharimonadia"	"Alphaproteobacteria"	"Gammaproteobacteria"	"Synergistia"	"Lentisphaeria"	"Verrucomicrobiae"
"Methanobacteria"	1	-0.0638674373957363	0.159680348713714	0.0506796770638082	0.000840710683774726	0.212245751658994	-0.0254961888303958	-0.035153168631455	0.0552266530324113	-0.0159587927521439	0.114971833998637	0.00731310168202114	0.153591782533747	-0.060932036589272	0.32495996417291	0.102766823924194	0.0742687334330677
"Actinobacteria"	-0.0638674373957363	1	0.36242528904724	-0.157817672829398	0.0819617796030441	-0.123082241143503	0.366501382642284	-0.297338812041434	-0.0277885478268855	-0.0119994911779117	-0.0601174349660595	0.0942117681683249	0.162947984983499	-0.263202738138673	-0.0563170623907852	-0.101789195573625	-0.0169899889986758
"Coriobacteriia"	0.159680348713714	0.36242528904724	1	-0.0170988794428721	0.218295966743153	0.178302000392191	0.256528534927519	0.0352120577645153	0.0883934863821932	-0.129599592739461	-0.0312538946536608	0.188248778046677	0.239305549845426	-0.201138214841144	0.121210805732643	0.0269226323387176	0.0991698538760041
"Bacteroidia"	0.0506796770638082	-0.157817672829398	-0.0170988794428721	1	0.00192763922978644	0.295998880099959	-0.146394154150659	0.158974114175312	0.0936016315011742	0.47607787593624	0.0452846028760943	-0.0633312366045089	-0.0431210943562504	-0.150657082790953	0.109606520066707	0.0838187245765613	-0.141269993620427
"Campylobacteria"	0.000840710683774726	0.0819617796030441	0.218295966743153	0.00192763922978644	1	-0.0525213602035071	0.128427067771421	-0.0395565607967551	0.217960567311167	-0.0804939975250664	-0.071132781246376	0.146809279666938	0.368515141972502	0.0750776597383406	0.0039975490498658	0.264485087028951	0.0364293342652587
"Desulfovibrionia"	0.212245751658994	-0.123082241143503	0.178302000392191	0.295998880099959	-0.0525213602035071	1	-0.143135204948756	0.224777155242	0.153683172576115	0.221008799796262	0.0591473772237857	0.0710767557579906	0.0180524084339398	-0.0637262222762567	0.348169006542546	0.134357014984049	0.0267834129237302
"Bacilli"	-0.0254961888303958	0.366501382642284	0.256528534927519	-0.146394154150659	0.128427067771421	-0.143135204948756	1	-0.25749874001008	-0.000342991818842576	0.0100308439120446	0.0146494621482854	0.318583289793131	0.319646662695273	-0.0578779369765042	-0.00442414215009592	0.0416654104778491	-0.0159424892718094
"Clostridia"	-0.035153168631455	-0.297338812041434	0.0352120577645153	0.158974114175312	-0.0395565607967551	0.224777155242	-0.25749874001008	1	-0.00903387682859216	0.0303685659667836	-0.0271962213244247	0.0306944916806801	-0.128833863220297	-0.371483428132575	-0.101116226697192	0.0109544073325616	-0.157052925210526
"Incertae_Sedis"	0.0552266530324113	-0.0277885478268855	0.0883934863821932	0.0936016315011742	0.217960567311167	0.153683172576115	-0.000342991818842576	-0.00903387682859216	1	0.0081009531097374	-0.0498553463177392	-0.0344306855216301	0.0306453677382064	0.0597650052340156	0.0723893025866224	0.40704106663074	0.0407568667469003
"Negativicutes"	-0.0159587927521439	-0.0119994911779117	-0.129599592739461	0.47607787593624	-0.0804939975250664	0.221008799796262	0.0100308439120446	0.0303685659667836	0.0081009531097374	1	0.229067001978667	0.00840196201486445	0.0205546503379332	-0.135523206058376	0.108246956745255	0.0320942063963767	-0.17262884910464
"Fusobacteriia"	0.114971833998637	-0.0601174349660595	-0.0312538946536608	0.0452846028760943	-0.071132781246376	0.0591473772237857	0.0146494621482854	-0.0271962213244247	-0.0498553463177392	0.229067001978667	1	0.0614709662454171	-0.0415834474928921	0.021894210526791	-0.0115239852250285	-0.0405872884726686	-0.112184439959317
"Saccharimonadia"	0.00731310168202114	0.0942117681683249	0.188248778046677	-0.0633312366045089	0.146809279666938	0.0710767557579906	0.318583289793131	0.0306944916806801	-0.0344306855216301	0.00840196201486445	0.0614709662454171	1	0.185477032853623	0.152082641124774	0.0894675526504461	0.0560456492642443	-0.0961720634875214
"Alphaproteobacteria"	0.153591782533747	0.162947984983499	0.239305549845426	-0.0431210943562504	0.368515141972502	0.0180524084339398	0.319646662695273	-0.128833863220297	0.0306453677382064	0.0205546503379332	-0.0415834474928921	0.185477032853623	1	0.0186917828984686	0.00698527333937574	0.07531423110098	0.157310303379244
"Gammaproteobacteria"	-0.060932036589272	-0.263202738138673	-0.201138214841144	-0.150657082790953	0.0750776597383406	-0.0637262222762567	-0.0578779369765042	-0.371483428132575	0.0597650052340156	-0.135523206058376	0.021894210526791	0.152082641124774	0.0186917828984686	1	0.0309311818699014	0.0696184804829387	-0.0707115774741564
"Synergistia"	0.32495996417291	-0.0563170623907852	0.121210805732643	0.109606520066707	0.0039975490498658	0.348169006542546	-0.00442414215009592	-0.101116226697192	0.0723893025866224	0.108246956745255	-0.0115239852250285	0.0894675526504461	0.00698527333937574	0.0309311818699014	1	0.104144922883122	0.159522532716218
"Lentisphaeria"	0.102766823924194	-0.101789195573625	0.0269226323387176	0.0838187245765613	0.264485087028951	0.134357014984049	0.0416654104778491	0.0109544073325616	0.40704106663074	0.0320942063963767	-0.0405872884726686	0.0560456492642443	0.07531423110098	0.0696184804829387	0.104144922883122	1	0.148650513029206
"Verrucomicrobiae"	0.0742687334330677	-0.0169899889986758	0.0991698538760041	-0.141269993620427	0.0364293342652587	0.0267834129237302	-0.0159424892718094	-0.157052925210526	0.0407568667469003	-0.17262884910464	-0.112184439959317	-0.0961720634875214	0.157310303379244	-0.0707115774741564	0.159522532716218	0.148650513029206	1
