""	"Bifidobacterium_longum"	"Bifidobacterium_dentium"	"Bacteroides_dorei"	"Bifidobacterium_breve"	"Bacteroides_vulgatus"	"Bacteroides_fragilis"	"Streptococcus_salivarius"	"coprostanoligenes_group_human_gut"	"Ruminococcus_bicirculans"	"Parabacteroides_merdae"	"Bacteroides_stercoris"	"human_gut"	"Acidaminococcus_sp."	"Lactobacillus_mucosae"	"Bacteroides_plebeius"	"Massiliprevotella_massiliensis"	"Dorea_formicigenerans"	"Megasphaera_hexanoica"	"scindens"	"Bifidobacterium_bifidum"	"Collinsella_tanakaei"	"Bacteroides_massiliensis"	"Eubacterium_ramulus"	"Schaalia_odontolytica"	"Bacteroides_coprocola"	"Prevotella_copri"	"Veillonella_magna"	"Anaeroglobus_geminatus"	"siraeum"	"Ruminococcus_callidus"	"Alistipes_shahii"	"Bacteroides_intestinalis"	"Alistipes_sp."	"leptum"	"Bacteroides_eggerthii"	"Streptococcus_anginosus"	"Bacteroides_cellulosilyticus"	"Mordavella_sp."	"Parabacteroides_goldsteinii"	"Odoribacter_splanchnicus"	"Alistipes_indistinctus"	"Prevotella_stercorea"	"Anaerotignum_lactatifermentans"	"Gordonibacter_pamelaeae"	"Streptococcus_parasanguinis"	"aldenense"	"Lachnoclostridium_phocaeense"	"Desulfovibrio_fairfieldensis"	"massiliensis"	"Christensenella_sp."
"Bifidobacterium_longum"	1	-0.163117320734215	0.0721307390590555	0.182128926794501	-0.0308110729569963	0.0806842883068181	-0.00530567299413723	-0.176256011772038	-0.238974708749882	-0.106655040172824	-0.0218162803782104	-0.156109069024911	0.0909850362822825	0.163751683471237	-0.168746023767355	-0.0683657888147493	-0.204011937335125	-0.0930816700816447	0.271479612608666	0.225078497609143	-0.0430560324117763	-0.134789633627059	-0.165271482185164	0.181006095772659	-0.154433734948733	-0.203618184180356	0.119754136762498	-0.0553088225574935	-0.0487192153183216	-0.260211517827584	-0.144527401662746	-0.0396944814941669	-0.140751899368903	0.132893321951507	0.124737294865415	-0.014276688821433	0.0375831492923886	0.171952400457462	0.0353004706603349	-0.128304868383353	-0.110260256060688	-0.108545082538514	0.0711439119395223	0.111150300382855	-0.0783440828388787	0.0282209416813947	0.192814528930245	0.0727448454030676	0.182696005738707	0.137820712043787
"Bifidobacterium_dentium"	-0.163117320734215	1	-0.120824817627873	0.074841431889465	-0.0355369250893742	-0.0163630038135694	0.230952724071252	0.247704589035258	0.0689990114219862	0.0370597802235608	-0.0765956062863379	0.0925818393063968	0.168542434414863	0.218171379902447	0.144255882050339	0.0634444614956339	0.232625886606233	0.133609779974377	-0.0388803754245378	0.0534837821957366	-0.0188939392118603	0.160689993802875	0.136948127390271	-0.101987308099847	-0.0290567301132776	0.0907084591624305	0.0636781720090586	0.062442621629918	0.0826570075596484	0.0653782397379914	0.00725063627741864	0.0378708725814344	-0.00825187118600529	0.0381821954446255	-0.00166197846153615	0.259093559773694	-0.025835751130234	-0.018050686613535	0.00304281385996814	0.0223601525733982	-0.0173344068201016	0.0858600833376165	-0.153439382977432	0.0480945262487102	0.220798358883821	0.0259560129111765	-0.168835129058227	0.0626257994710116	0.0450182121848374	-0.0821578319707485
"Bacteroides_dorei"	0.0721307390590555	-0.120824817627873	1	-0.0530334267704791	-0.0305114968759783	0.130673527588552	-0.168538815749577	-0.0884650664572699	0.0268522566412025	0.0237332331518356	0.144203797184107	0.034887932153333	0.0165419773192194	0.0117793990830624	0.0659729638987669	-0.0887832813788351	-0.107179539309277	-0.103808554854485	0.153162366943563	-0.147966414782565	0.038880400278527	-0.00127303390983406	-0.0232754976864724	-0.0918830286784564	0.020816314836073	-0.051560997863155	-0.0791762935349183	0.0935189577495522	0.137364266922046	-0.044485794232667	0.0699447905878379	0.0195787759040037	0.128214949034219	0.0112451906580661	-0.0164297910940143	-0.128748441536329	0.162133366979839	-0.0312222821844399	-0.0456571673996886	0.0520056697377746	0.218563129789231	0.0646736804220209	0.17784439051965	0.0254397030155459	-0.0723351676242911	0.141612046304285	-0.0622646515796127	0.024792434251075	-0.0559211163014986	-0.00103337927420525
"Bifidobacterium_breve"	0.182128926794501	0.074841431889465	-0.0530334267704791	1	0.0289652492188922	0.072280061031339	-0.0434719597664527	0.0115951647284661	-0.173555758053366	-0.0793928751085161	-0.0557222088436732	-0.0655196947971108	0.0655986952158085	0.198379549520408	-0.0213095775452035	0.0636980905858409	-0.106682072163914	0.090503700514294	0.126756851835517	0.279949485498051	-0.0781462607877718	-0.0564929646631974	-0.0564377221383982	0.0144257573803799	-0.0700422863902874	-0.092356074589917	-0.0461554329828927	0.0255759824031319	-0.0307551452871905	-0.0813533265351208	-0.0856360541027785	-0.0781462607877718	-0.123108395946013	-0.061980808002985	-0.0333203486114473	0.0739569047732203	0.177408090361217	0.055411339993819	-0.0365492259307296	-0.0533450548123997	-0.105638269714847	-0.0818654750519647	-0.0535480087381706	0.152168488364791	-0.00152954511390117	-0.0615911877854549	-0.0260362382993372	0.0402811107637169	0.0254177818683128	0.18215728989886
"Bacteroides_vulgatus"	-0.0308110729569963	-0.0355369250893742	-0.0305114968759783	0.0289652492188922	1	0.0314626656617221	-0.0279331398858166	0.0635771654111262	0.122614154300405	0.376803814533421	0.320106866487559	0.0783414587215431	0.114752390609509	-0.0169786241923222	0.0839217898168985	0.0289813257774596	0.00649363015635565	-0.0844254287199132	0.0521790215633895	0.0275019439283713	0.104474596333575	0.258286125115883	0.0405110883007225	-0.00028356310161784	0.0198438000039563	-0.0793012976639998	-0.0251979144518861	0.100590799287261	0.00424082471686223	0.0439002958941781	0.28885793517366	0.0903844140603644	0.129898117686015	0.0769568731004571	0.0436735428970578	0.0342223956919126	0.30434184944602	-0.0955951889900677	0.142678948738967	0.245344356790772	0.189617047124758	0.0481205003149653	0.0145819321987099	-0.0778464092285595	0.0324825889967858	0.0533086397285761	-0.00677689920940432	-0.0855681517922678	0.109808129335711	0.0715467408614533
"Bacteroides_fragilis"	0.0806842883068181	-0.0163630038135694	0.130673527588552	0.072280061031339	0.0314626656617221	1	-0.118997565650856	-0.0940934386857183	0.067612536441757	0.0504456769402406	0.0442400063609236	0.102121879529395	-0.0472797143150816	0.0389061768187969	-0.0181827637066199	0.0424599943597911	-0.00997410668956034	0.0458082211934211	0.032940118437845	-0.0496660694228274	-0.0151659884258887	-0.180024851544548	0.0538582325157517	-0.123588600906276	-0.150463924050412	-0.0207361378265929	-0.0416565215436671	0.0315503832534923	0.036092367144463	-0.0915103732613122	0.0736182137085407	0.00287104868555062	-0.0395596198138268	0.012538079052049	0.029007084590374	-0.123565854269634	0.024689844038634	-0.0477314842701018	0.0106573763056244	0.0617266805652776	0.00784441178834673	-0.0558991807563643	0.164239454424353	-0.0694220255673459	-0.0552845259234449	0.135103615772035	-0.0568270084012338	-0.0658169499242829	0.0674710121042485	-0.146779101493451
"Streptococcus_salivarius"	-0.00530567299413723	0.230952724071252	-0.168538815749577	-0.0434719597664527	-0.0279331398858166	-0.118997565650856	1	0.0366140552348672	-0.00945719438754061	0.0506283342387519	-0.0648243547236217	0.0092368758540992	0.0089190216713382	0.221597518900174	0.122383832240124	0.0311109795385926	0.247619080526168	0.129203119194591	-0.011331970906468	0.0626559402015368	0.0315495049967129	-0.00930795488911003	0.199453114504723	0.323042471959547	0.0724054630866215	0.208360781503778	0.151439473274637	0.129107932066389	0.0215084619826338	0.0215581964716506	-0.0263475010838059	-0.0629128772205838	-0.0869389734693738	-0.13287280337019	0.00920546063258942	0.485785658164183	-0.0383210500102183	-0.0271010508557628	-0.0702343831303717	-0.116450192360161	-0.140720475587266	0.101227612598435	-0.203064615298898	0.0079153352131296	0.457547813281826	-0.115110683527785	-0.13115696428546	-0.0353814191962305	-0.0190154374610618	-0.134684788081908
"coprostanoligenes_group_human_gut"	-0.176256011772038	0.247704589035258	-0.0884650664572699	0.0115951647284661	0.0635771654111262	-0.0940934386857183	0.0366140552348672	1	0.156298321590809	0.225818085789289	0.0899946667893832	0.424908395936133	0.218900541597475	0.173277477712723	0.0426594706616277	0.0947591089792952	0.258146980504104	0.0760611423752536	-0.0506173405936028	0.00543592757683281	0.0584680007957269	0.292786039887246	0.0868274091684333	-0.103336605958195	-0.00287546308821338	0.157861546202691	0.00178869874041563	-0.0367864496064785	0.288342807597806	0.273793876059053	0.152799856564168	0.114692994012974	0.326455648894091	0.0978569823998144	-0.00130961556441103	0.00836498039129514	-0.0502172646726819	0.0616083467348192	0.309829796938408	0.368461108583524	0.360857533640519	0.27349668042616	-0.184359483768285	0.132521678877453	-0.0324203475388859	-0.0459848223227428	0.00164255710995064	0.114981517196554	0.163699911390042	0.0650634147764927
"Ruminococcus_bicirculans"	-0.238974708749882	0.0689990114219862	0.0268522566412025	-0.173555758053366	0.122614154300405	0.067612536441757	-0.00945719438754061	0.156298321590809	1	0.251677962701888	0.19171188432538	0.340116980691218	-0.00668588323029777	-0.126550912835868	0.167753634159866	0.0188840172274822	0.30931930554605	-0.0029418581189636	-0.173042900186202	0.033727938904487	0.086742204798498	0.15036279200338	0.190872493481212	-0.145202550447007	0.0515571749357146	0.121244658725696	-0.0542082266489293	-0.103259029166881	0.0538421725125134	0.449667183143751	0.309069525176271	0.164210674958712	0.32996917395012	-0.0468797955383985	0.075700402646744	-0.063509610707594	0.0576128729007261	-0.0277163778816416	0.139797112972245	0.194736749099699	0.188497663636378	0.0614390082731407	-0.0328695184410997	0.0321426246104352	-0.000659597967817849	-0.0669681382958436	-0.117855776265249	-0.0778611404964538	-0.0463583488476563	-0.077980332137002
"Parabacteroides_merdae"	-0.106655040172824	0.0370597802235608	0.0237332331518356	-0.0793928751085161	0.376803814533421	0.0504456769402406	0.0506283342387519	0.225818085789289	0.251677962701888	1	0.399071653063385	0.183030918152806	0.166046095130986	0.00812648190577024	0.188499477031996	0.0954898503594129	0.177785392352751	-0.0571660926010525	0.120028907924767	-0.0215877533953078	-0.110832531221197	0.331911110989063	0.130704483918366	0.017946131800394	0.12776373475462	0.259738000462572	-0.0690003222375674	0.0188521535663781	0.022388973276979	0.23113161711456	0.532007452163913	0.141383334966723	0.382508008866851	0.124885987884595	0.123571562294208	0.00269541564204769	0.186284297872964	-0.00500113127321424	0.25181160800456	0.485378954021785	0.328333683164345	0.16989850099978	-0.046472324845052	0.0899644531052596	-0.092366183491398	-0.0228993737894003	-0.0364920232839438	-0.00483318283493465	0.00576460205520543	0.0280862517273962
"Bacteroides_stercoris"	-0.0218162803782104	-0.0765956062863379	0.144203797184107	-0.0557222088436732	0.320106866487559	0.0442400063609236	-0.0648243547236217	0.0899946667893832	0.19171188432538	0.399071653063385	1	0.177289967994718	0.103227192758975	0.0232669978339309	0.128017080174722	0.00911820991877324	-0.0248064289395482	-0.147561759200429	0.097337737759897	-0.0223266881791933	-0.0916975457341073	0.322420377005855	0.0359412811029711	-0.0447458881605551	0.000110970021564665	-0.0255591792678312	-0.0383579801373542	0.0875842587803424	0.0609951148841363	0.0568865522325873	0.411737762794993	0.119149003238372	0.30605188477646	0.0216015261080865	0.12172873296913	-0.00763034493985633	0.168936536703219	0.0343229143212239	0.152956350998286	0.289182675245312	0.342806371407934	0.0914683036545196	-0.0244462338184245	0.0218872613956219	0.0348497241356829	0.11564593379542	0.0594355713881755	-0.067306221226957	-0.0669713391791338	0.141855804476964
"human_gut"	-0.156109069024911	0.0925818393063968	0.034887932153333	-0.0655196947971108	0.0783414587215431	0.102121879529395	0.0092368758540992	0.424908395936133	0.340116980691218	0.183030918152806	0.177289967994718	1	0.0114305191776053	0.12935665719954	0.169430358040555	0.0324741878367893	0.183998042292168	0.050842777768203	-0.0950141756523418	0.015226805906451	0.0294552552814737	0.245422085542834	0.122416660954723	-0.151579666013832	0.0398212284384539	0.127932944833577	-0.0622918537402117	-0.0891425723472743	0.259983113672065	0.17009455975397	0.314233137886039	0.102336453232049	0.425549752612624	0.0734094191139051	0.0645006995066335	0.0280560179457432	-0.021520142324839	0.00397053906130562	0.141398236070496	0.381330618501909	0.356084998804464	0.178311138267992	-0.0545153806337165	-0.024571702882407	-0.0340391651093623	-0.0868452300121563	0.0337903989135629	-0.0831382260591748	0.0569255632643657	0.0153911184798817
"Acidaminococcus_sp."	0.0909850362822825	0.168542434414863	0.0165419773192194	0.0655986952158085	0.114752390609509	-0.0472797143150816	0.0089190216713382	0.218900541597475	-0.00668588323029777	0.166046095130986	0.103227192758975	0.0114305191776053	1	0.0127956901611394	-0.090790575110133	-0.0731494129095444	-0.112330791238218	0.0315541964941402	0.267858645603787	0.166609924770841	0.0213778757939268	0.193994475609618	-0.166715190305746	-0.074465006761918	-0.146453758183851	-0.130532139478571	0.0281419355715474	0.137635975273934	-0.0910153604474431	0.00850740931367335	0.055132060265904	-0.110448594293026	0.0647712617801217	0.179361331943229	-0.0971971379003017	-0.0716608389757724	0.0300564247203523	0.0821414669001074	0.225902638443499	0.126180413503723	0.0214320354571888	-0.0391929804010511	-0.0140826539450006	0.210053169950603	0.0510588633492697	0.116897251429626	-0.135219695731532	0.173615538308721	0.0564532513915456	0.162106900960075
"Lactobacillus_mucosae"	0.163751683471237	0.218171379902447	0.0117793990830624	0.198379549520408	-0.0169786241923222	0.0389061768187969	0.221597518900174	0.173277477712723	-0.126550912835868	0.00812648190577024	0.0232669978339309	0.12935665719954	0.0127956901611394	1	0.0556216757793721	0.0522270092139031	0.123016307986402	-0.0241164101053416	-0.171387556301096	0.0855541569344475	-0.0184684168876054	0.0151911563274194	0.0778793939440333	-0.0143931652600644	-0.0667759324387922	0.160427376104725	-0.0936617819193674	0.0613511389723321	-0.0123259862233167	-0.048356661156705	0.00161374054049751	-0.0655560637132201	-0.103410789798841	-0.104034338426069	-0.00228588115556348	0.349066494457864	-0.0661887447493402	-0.125006303886744	0.0414254792901198	0.0204229050793201	-0.0446015198634217	0.0666237643775063	-0.196617752692118	-0.0785822403200952	0.185759473985029	-0.0808008762866299	-0.194145599106003	-0.125006303886744	-0.0754327738948156	-0.00961089526843333
"Bacteroides_plebeius"	-0.168746023767355	0.144255882050339	0.0659729638987669	-0.0213095775452035	0.0839217898168985	-0.0181827637066199	0.122383832240124	0.0426594706616277	0.167753634159866	0.188499477031996	0.128017080174722	0.169430358040555	-0.090790575110133	0.0556216757793721	1	0.152032034831693	0.300786330545589	0.00986580436549486	-0.105560273548293	-0.0525111594930968	-0.0515950776053402	0.131502841536519	0.172573471701404	-0.0269125306787703	0.201174092577134	0.265206403737149	-0.00800646472144855	-0.0716455353482456	0.0926836693108548	0.130709863085375	0.243668878495627	0.19421277240002	0.220388942181913	-0.0117852692659481	-0.0121221690855799	0.0425099134136547	0.125616821088206	0.0288584722179364	0.0755908699789967	0.194709886847561	0.236471534809127	0.0374164056040792	0.00139583394405984	0.101290483229878	0.0249397030456458	-0.0891180898950895	-0.0822121404135053	-0.0354499828518781	0.0666957829755096	0.0957276014132843
"Massiliprevotella_massiliensis"	-0.0683657888147493	0.0634444614956339	-0.0887832813788351	0.0636980905858409	0.0289813257774596	0.0424599943597911	0.0311109795385926	0.0947591089792952	0.0188840172274822	0.0954898503594129	0.00911820991877324	0.0324741878367893	-0.0731494129095444	0.0522270092139031	0.152032034831693	1	0.191304617045469	-0.062991314494368	0.0503892144732928	0.0479941518190765	-0.0454662237352828	0.0775283021225158	-0.0947671707659368	0.0432643732155447	0.0300903163996751	0.321404593985053	-0.0268536616012653	-0.038428852704615	-0.0575497846282259	0.146462385321765	0.111863362273679	-0.0454662237352828	0.155783928083654	0.0829746340416048	-0.0612103066890914	0.0550737256787566	0.0529858907693142	-0.0358404133874952	-0.0612103066890914	0.0650673574185758	0.0972710983711802	0.0841650744676979	-0.0647434256883185	0.0475084148347424	-0.069850139875358	-0.0731494129095444	-0.0556632610754276	-0.0358404133874952	-0.0408812893750005	0.0877031611914407
"Dorea_formicigenerans"	-0.204011937335125	0.232625886606233	-0.107179539309277	-0.106682072163914	0.00649363015635565	-0.00997410668956034	0.247619080526168	0.258146980504104	0.30931930554605	0.177785392352751	-0.0248064289395482	0.183998042292168	-0.112330791238218	0.123016307986402	0.300786330545589	0.191304617045469	1	0.0654323228538512	-0.254490638971657	0.0152015593444186	0.0965832653608104	0.0319211661903032	0.404263104832865	-0.0426987700657994	0.0523675015768358	0.232483514720721	-0.020323594824811	-0.154302973656189	0.225308804559096	0.329124670818244	0.130622538413651	0.137985610755336	0.118296861831556	0.0212684778036729	-3.06839312968093e-05	0.0395438698107442	-0.0714138569594517	0.0197538849387087	0.0320033403425721	0.0648121999228526	0.0416250324458317	0.182169807055546	-0.228816220378744	0.0481525068784359	0.05197320990647	-0.283358213629171	-0.159120003649963	-0.0765997589153879	-0.0617404095152202	-0.0469137752232293
"Megasphaera_hexanoica"	-0.0930816700816447	0.133609779974377	-0.103808554854485	0.090503700514294	-0.0844254287199132	0.0458082211934211	0.129203119194591	0.0760611423752536	-0.0029418581189636	-0.0571660926010525	-0.147561759200429	0.050842777768203	0.0315541964941402	-0.0241164101053416	0.00986580436549486	-0.062991314494368	0.0654323228538512	1	0.0091001171197063	0.0837664215208285	0.0483341054567929	0.0143605542299637	0.0938990393164813	0.18302184789953	-0.0176472296213736	0.00890040638631887	0.300028142731585	-0.00165714901956876	-0.120388453948932	0.185479440709227	-0.139367466792456	-0.0951108404270608	-0.168402672400915	-0.0750916045910026	-0.00992365607412029	0.143016243485971	-0.0606724279184621	0.00563718780533864	-0.128045903831679	-0.18572583808539	-0.188877603579729	-0.0996374497725338	-0.0328314587725714	0.0330337177663812	0.149715602601746	-0.114328893885509	0.00145552541723583	-0.0749745978110039	-0.0855196114996636	-0.0951108404270608
"scindens"	0.271479612608666	-0.0388803754245378	0.153162366943563	0.126756851835517	0.0521790215633895	0.032940118437845	-0.011331970906468	-0.0506173405936028	-0.173042900186202	0.120028907924767	0.097337737759897	-0.0950141756523418	0.267858645603787	-0.171387556301096	-0.105560273548293	0.0503892144732928	-0.254490638971657	0.0091001171197063	1	0.11674809747695	-0.0660853434520838	0.138433199666022	-0.25285996124406	0.247357689916563	-0.105775407141952	-0.144185768413073	0.155436809769062	0.220310801877304	-0.0480146194226268	-0.122349799932	0.0452005252649376	-0.06441492887639	0.112552598781451	0.149859766704349	0.106680025167244	0.0577297936717098	0.121677851727196	0.148712140195973	0.0392480064232554	0.107377013509455	0.0645716481785423	-0.0826405036507939	0.211673782437285	0.24776178431056	0.00378729198203294	0.159474380250096	0.196970288529765	0.191238119838054	0.148119493631321	0.301249911632274
"Bifidobacterium_bifidum"	0.225078497609143	0.0534837821957366	-0.147966414782565	0.279949485498051	0.0275019439283713	-0.0496660694228274	0.0626559402015368	0.00543592757683281	0.033727938904487	-0.0215877533953078	-0.0223266881791933	0.015226805906451	0.166609924770841	0.0855541569344475	-0.0525111594930968	0.0479941518190765	0.0152015593444186	0.0837664215208285	0.11674809747695	1	-0.0977563602025402	0.0647365836642789	-0.0387202066433511	-0.00365516693003086	-0.0695037249895715	-0.0530291123030086	0.17465218946045	0.00188098751614782	-0.0700136943438235	-0.011285828108679	-0.00847204474723712	-0.0977563602025402	-0.0719251669711486	0.0223737386452205	-0.0677317025476607	0.07572494251007	-0.0587947751555548	-0.0770600255106964	-0.013647029547323	0.0441982588594667	-0.0536806159460703	-0.102408877746128	-0.139204031528621	-0.00231434375615769	0.047147683749707	-0.0463514720036646	-0.0647938169059976	0.0884334071650181	-0.0878983500577271	0.0447663299588301
"Collinsella_tanakaei"	-0.0430560324117763	-0.0188939392118603	0.038880400278527	-0.0781462607877718	0.104474596333575	-0.0151659884258887	0.0315495049967129	0.0584680007957269	0.086742204798498	-0.110832531221197	-0.0916975457341073	0.0294552552814737	0.0213778757939268	-0.0184684168876054	-0.0515950776053402	-0.0454662237352828	0.0965832653608104	0.0483341054567929	-0.0660853434520838	-0.0977563602025402	1	-0.0697714354835203	-0.0757666012457336	0.0513531651096359	0.124720910955747	-0.00104093596066035	-0.0405464522203071	-0.0580238800654088	-0.00176088234695201	0.19386284633001	-0.0989682172852769	0.11949900464499	0.101341632710408	0.0424476357360829	-0.0214742916687947	-0.0121136446168291	-0.0840461829427002	0.0632026632711428	-0.0924216895413121	-0.0257077840130831	-0.0394881822692814	-0.0719168764794718	-0.0295835429447651	0.0303316679351415	0.0312401390881873	-0.110448594293026	-0.00578068842010199	0.0701155830020611	0.042398222620428	-0.0686496350364964
"Bacteroides_massiliensis"	-0.134789633627059	0.160689993802875	-0.00127303390983406	-0.0564929646631974	0.258286125115883	-0.180024851544548	-0.00930795488911003	0.292786039887246	0.15036279200338	0.331911110989063	0.322420377005855	0.245422085542834	0.193994475609618	0.0151911563274194	0.131502841536519	0.0775283021225158	0.0319211661903032	0.0143605542299637	0.138433199666022	0.0647365836642789	-0.0697714354835203	1	0.022639515248562	-0.0424078408340981	0.178261477939326	0.051301931728374	0.0121126856635236	0.10741759788944	0.0858580825323013	0.13106689262629	0.235669411342536	0.101628920813159	0.280232548430918	0.0415886178480843	0.0975359770499747	0.0353411405023485	0.0259802567271634	0.0305226598923213	0.11478959421762	0.376297359276464	0.268597880192739	-0.0193199847157981	0.0228323988322183	-0.0123760871292465	0.029767691256766	0.115097539800296	0.071502140871983	-0.103870265306539	0.0176866757262203	0.153957497425799
"Eubacterium_ramulus"	-0.165271482185164	0.136948127390271	-0.0232754976864724	-0.0564377221383982	0.0405110883007225	0.0538582325157517	0.199453114504723	0.0868274091684333	0.190872493481212	0.130704483918366	0.0359412811029711	0.122416660954723	-0.166715190305746	0.0778793939440333	0.172573471701404	-0.0947671707659368	0.404263104832865	0.0938990393164813	-0.25285996124406	-0.0387202066433511	-0.0757666012457336	0.022639515248562	1	-0.112322271530882	0.0722525414264692	0.121827090226642	-0.00800646472144855	-0.0437087273891567	0.0788552608653424	0.21771605476585	0.0294932955642324	0.0307440480858065	-0.0475538501787739	-0.0482213563665556	0.127343549295937	0.00542146803447888	-0.0846131959162361	-0.112795399983249	-0.054198458112637	0.0906963718352363	-0.0881347970009841	0.0665196777490717	-0.0341780722034328	-0.0415678868209466	0.152702116500273	-0.132763222643083	-0.175181009479245	-0.112795399983249	-0.128659827023451	-0.0809584391323012
"Schaalia_odontolytica"	0.181006095772659	-0.101987308099847	-0.0918830286784564	0.0144257573803799	-0.00028356310161784	-0.123588600906276	0.323042471959547	-0.103336605958195	-0.145202550447007	0.017946131800394	-0.0447458881605551	-0.151579666013832	-0.074465006761918	-0.0143931652600644	-0.0269125306787703	0.0432643732155447	-0.0426987700657994	0.18302184789953	0.247357689916563	-0.00365516693003086	0.0513531651096359	-0.0424078408340981	-0.112322271530882	1	-0.0470804780287083	-0.0389771984168472	0.0778479403393408	0.0606479535078741	0.0410520258429101	-0.0960213985791556	0.0107518163175656	-0.0630564745019452	0.0338154716374895	-0.149041681920699	0.119621440976967	0.340009992722873	-0.0692835726541709	0.075809302857653	-0.0731450604090617	-0.0788661801236936	-0.0682014226236955	-0.0391704094806412	-0.0686545816794127	0.134051924284698	0.108845698739149	-0.087399135189567	0.160140962391124	0.0260174573854016	0.0355797886850925	0.0217102107456684
"Bacteroides_coprocola"	-0.154433734948733	-0.0290567301132776	0.020816314836073	-0.0700422863902874	0.0198438000039563	-0.150463924050412	0.0724054630866215	-0.00287546308821338	0.0515571749357146	0.12776373475462	0.000110970021564665	0.0398212284384539	-0.146453758183851	-0.0667759324387922	0.201174092577134	0.0300903163996751	0.0523675015768358	-0.0176472296213736	-0.105775407141952	-0.0695037249895715	0.124720910955747	0.178261477939326	0.0722525414264692	-0.0470804780287083	1	0.109985040223	-0.0666814283939845	-0.0954242601226875	-0.142904230333917	0.0773519113261012	0.148246372205991	0.0174126886287563	0.0939344200401967	0.0807714409460857	-0.151993822781701	0.0218029804936572	0.0412758171284782	0.0748593092674182	-0.00199255493085002	0.081718692306006	0.0428563817302484	-0.118272247920205	-0.048535046262131	-0.105514364066208	-0.0820811940587911	-0.0612458395281392	-0.0317408414219177	-0.002825295247687	-0.0232769102354352	-0.0424858042988369
"Prevotella_copri"	-0.203618184180356	0.0907084591624305	-0.051560997863155	-0.092356074589917	-0.0793012976639998	-0.0207361378265929	0.208360781503778	0.157861546202691	0.121244658725696	0.259738000462572	-0.0255591792678312	0.127932944833577	-0.130532139478571	0.160427376104725	0.265206403737149	0.321404593985053	0.232483514720721	0.00890040638631887	-0.144185768413073	-0.0530291123030086	-0.00104093596066035	0.051301931728374	0.121827090226642	-0.0389771984168472	0.109985040223	1	-0.0479192622636803	-0.0685747179877331	0.105740417043493	0.211193987324466	0.129806469274124	0.00674595514836792	0.154725711880507	-0.118882072564347	-0.0429781995109472	-0.0207405337005017	-0.0369869142930685	-0.06395575375364	-0.0461518087364114	0.126376945980443	0.137982659844135	0.30931948545424	-0.11553199863297	-0.0368598180583541	-0.00458002534207317	-0.130532139478571	-0.0993288157693713	-0.06395575375364	-0.0729509910538885	-0.0811326191437344
"Veillonella_magna"	0.119754136762498	0.0636781720090586	-0.0791762935349183	-0.0461554329828927	-0.0251979144518861	-0.0416565215436671	0.151439473274637	0.00178869874041563	-0.0542082266489293	-0.0690003222375674	-0.0383579801373542	-0.0622918537402117	0.0281419355715474	-0.0936617819193674	-0.00800646472144855	-0.0268536616012653	-0.020323594824811	0.300028142731585	0.155436809769062	0.17465218946045	-0.0405464522203071	0.0121126856635236	-0.00800646472144855	0.0778479403393408	-0.0666814283939845	-0.0479192622636803	1	0.148806444994055	-0.051322485155206	0.0121826762582535	-0.0884578066933419	-0.0405464522203071	-0.0845126831708458	-0.0818568608098254	0.0590224141338994	0.0842352186137332	-0.0496400969819243	-0.0319622235933444	-0.054586912473965	-0.0791762935349183	-0.080519914392983	-0.0424761791444107	-0.0577377226561541	-0.0340165087223094	0.155501959446508	0.138347398594432	-0.0496400969819243	-0.0319622235933444	-0.0364576406432822	-0.0405464522203071
"Anaeroglobus_geminatus"	-0.0553088225574935	0.062442621629918	0.0935189577495522	0.0255759824031319	0.100590799287261	0.0315503832534923	0.129107932066389	-0.0367864496064785	-0.103259029166881	0.0188521535663781	0.0875842587803424	-0.0891425723472743	0.137635975273934	0.0613511389723321	-0.0716455353482456	-0.038428852704615	-0.154302973656189	-0.00165714901956876	0.220310801877304	0.00188098751614782	-0.0580238800654088	0.10741759788944	-0.0437087273891567	0.0606479535078741	-0.0954242601226875	-0.0685747179877331	0.148806444994055	1	-0.0734448900023107	-0.12094162432922	-0.0576425765982702	-0.0580238800654088	-0.0438943833914165	-0.117141017624752	0.185962326142058	0.228030985838091	0.113488339503026	-0.0457394451758015	0.112876932013114	-0.0361578414680172	-0.0453161900733352	-0.0607854100506907	-0.006684120776036	-0.0712756589801162	0.149211720453119	0.315859340357862	-0.0710373134020311	-0.0457394451758015	-0.0521725983979951	-0.0580238800654088
"siraeum"	-0.0487192153183216	0.0826570075596484	0.137364266922046	-0.0307551452871905	0.00424082471686223	0.036092367144463	0.0215084619826338	0.288342807597806	0.0538421725125134	0.022388973276979	0.0609951148841363	0.259983113672065	-0.0910153604474431	-0.0123259862233167	0.0926836693108548	-0.0575497846282259	0.225308804559096	-0.120388453948932	-0.0480146194226268	-0.0700136943438235	-0.00176088234695201	0.0858580825323013	0.0788552608653424	0.0410520258429101	-0.142904230333917	0.105740417043493	-0.051322485155206	-0.0734448900023107	1	-0.0354012240537965	0.181896060795302	0.236971828805479	0.278019855852264	0.024198843855914	0.17480867555756	0.0524915703503198	-0.0437636531515433	0.0369469168126286	0.179040479829303	0.180691083974583	0.257134183294122	0.217836872081852	-0.0108987213967558	0.116198676882523	-0.0073858839111382	-0.0879855843954797	0.160544493676865	0.125978349281398	0.113227591614461	0.0774924103210348
"Ruminococcus_callidus"	-0.260211517827584	0.0653782397379914	-0.044485794232667	-0.0813533265351208	0.0439002958941781	-0.0915103732613122	0.0215581964716506	0.273793876059053	0.449667183143751	0.23113161711456	0.0568865522325873	0.17009455975397	0.00850740931367335	-0.048356661156705	0.130709863085375	0.146462385321765	0.329124670818244	0.185479440709227	-0.122349799932	-0.011285828108679	0.19386284633001	0.13106689262629	0.21771605476585	-0.0960213985791556	0.0773519113261012	0.211193987324466	0.0121826762582535	-0.12094162432922	-0.0354012240537965	1	0.170935448294615	0.161989145605148	0.214580971483387	0.023259346963199	0.015869398658623	-0.100367208929613	0.0605706268155576	-0.03583162142325	0.105174417375671	0.12935875274268	0.119114914699353	0.10592305374056	-0.203757711102394	0.089162017551385	-0.082537775822671	-0.160817479284277	-0.123836838608848	-0.0451275831679012	-0.0644385930277298	0.0168306832586532
"Alistipes_shahii"	-0.144527401662746	0.00725063627741864	0.0699447905878379	-0.0856360541027785	0.28885793517366	0.0736182137085407	-0.0263475010838059	0.152799856564168	0.309069525176271	0.532007452163913	0.411737762794993	0.314233137886039	0.055132060265904	0.00161374054049751	0.243668878495627	0.111863362273679	0.130622538413651	-0.139367466792456	0.0452005252649376	-0.00847204474723712	-0.0989682172852769	0.235669411342536	0.0294932955642324	0.0107518163175656	0.148246372205991	0.129806469274124	-0.0884578066933419	-0.0576425765982702	0.181896060795302	0.170935448294615	1	0.213858970501479	0.446619432857591	0.152449128456651	0.148277200495483	0.0525405302623203	0.171348531105269	-0.0597288343369958	0.253596314259072	0.480969317877435	0.381195423426094	0.205639452189298	-0.0336547626925215	0.0329817691333077	-0.0176565942476649	-0.059346810609491	-0.0940919168278481	0.036078142676137	-0.0680725865082087	0.0714319884413659
"Bacteroides_intestinalis"	-0.0396944814941669	0.0378708725814344	0.0195787759040037	-0.0781462607877718	0.0903844140603644	0.00287104868555062	-0.0629128772205838	0.114692994012974	0.164210674958712	0.141383334966723	0.119149003238372	0.102336453232049	-0.110448594293026	-0.0655560637132201	0.19421277240002	-0.0454662237352828	0.137985610755336	-0.0951108404270608	-0.06441492887639	-0.0977563602025402	0.11949900464499	0.101628920813159	0.0307440480858065	-0.0630564745019452	0.0174126886287563	0.00674595514836792	-0.0405464522203071	-0.0580238800654088	0.236971828805479	0.161989145605148	0.213858970501479	1	0.0946055558627074	-0.0246402592241066	0.153335338416368	-0.0453826529981449	0.185669009806232	-0.0541155850755064	0.056858772991545	0.169387096203253	0.152358292420493	0.0132478456672711	0.0476519256651708	-0.0339332373840557	-0.105467008599845	-0.0509085227283645	-0.00867941043945748	0.0646575821681375	0.144145935229909	-0.0686496350364964
"Alistipes_sp."	-0.140751899368903	-0.00825187118600529	0.128214949034219	-0.123108395946013	0.129898117686015	-0.0395596198138268	-0.0869389734693738	0.326455648894091	0.32996917395012	0.382508008866851	0.30605188477646	0.425549752612624	0.0647712617801217	-0.103410789798841	0.220388942181913	0.155783928083654	0.118296861831556	-0.168402672400915	0.112552598781451	-0.0719251669711486	0.101341632710408	0.280232548430918	-0.0475538501787739	0.0338154716374895	0.0939344200401967	0.154725711880507	-0.0845126831708458	-0.0438943833914165	0.278019855852264	0.214580971483387	0.446619432857591	0.0946055558627074	1	0.22544495473963	0.192842987734872	-0.0190133473707233	0.130450946167037	0.203220183461883	0.318132082842423	0.465809521367379	0.606517318752211	0.190186669250723	0.0106276299887158	0.253764051343325	-0.138919930946912	-0.073998409313272	0.139267621973065	0.0139274520614237	0.0971385874008441	0.11073638698134
"leptum"	0.132893321951507	0.0381821954446255	0.0112451906580661	-0.061980808002985	0.0769568731004571	0.012538079052049	-0.13287280337019	0.0978569823998144	-0.0468797955383985	0.124885987884595	0.0216015261080865	0.0734094191139051	0.179361331943229	-0.104034338426069	-0.0117852692659481	0.0829746340416048	0.0212684778036729	-0.0750916045910026	0.149859766704349	0.0223737386452205	0.0424476357360829	0.0415886178480843	-0.0482213563665556	-0.149041681920699	0.0807714409460857	-0.118882072564347	-0.0818568608098254	-0.117141017624752	0.024198843855914	0.023259346963199	0.152449128456651	-0.0246402592241066	0.22544495473963	1	-0.0105063674245159	-0.0752225206951707	0.122315241859944	0.194036281007515	0.0464081603670936	0.174948326266744	0.226790385220153	0.0339473909218368	0.134063094858265	0.164640336490007	-0.0696630375105619	0.036078155776307	0.116714213012432	0.241482530296036	0.202699733319374	0.147096996047972
"Bacteroides_eggerthii"	0.124737294865415	-0.00166197846153615	-0.0164297910940143	-0.0333203486114473	0.0436735428970578	0.029007084590374	0.00920546063258942	-0.00130961556441103	0.075700402646744	0.123571562294208	0.12172873296913	0.0645006995066335	-0.0971971379003017	-0.00228588115556348	-0.0121221690855799	-0.0612103066890914	-3.06839312968093e-05	-0.00992365607412029	0.106680025167244	-0.0677317025476607	-0.0214742916687947	0.0975359770499747	0.127343549295937	0.119621440976967	-0.151993822781701	-0.0429781995109472	0.0590224141338994	0.185962326142058	0.17480867555756	0.015869398658623	0.148277200495483	0.153335338416368	0.192842987734872	-0.0105063674245159	1	0.143546254474749	-0.1131497672629	0.200487579874566	0.0462058178534572	0.105043887875498	0.125210204440305	-0.0968203141536446	0.111816912484631	0.0665180424157676	-0.089804231784432	0.0432879136376584	0.214541396584237	-0.0728547762932167	0.0790433282317417	-0.00982169553926812
"Streptococcus_anginosus"	-0.014276688821433	0.259093559773694	-0.128748441536329	0.0739569047732203	0.0342223956919126	-0.123565854269634	0.485785658164183	0.00836498039129514	-0.063509610707594	0.00269541564204769	-0.00763034493985633	0.0280560179457432	-0.0716608389757724	0.349066494457864	0.0425099134136547	0.0550737256787566	0.0395438698107442	0.143016243485971	0.0577297936717098	0.07572494251007	-0.0121136446168291	0.0353411405023485	0.00542146803447888	0.340009992722873	0.0218029804936572	-0.0207405337005017	0.0842352186137332	0.228030985838091	0.0524915703503198	-0.100367208929613	0.0525405302623203	-0.0453826529981449	-0.0190133473707233	-0.0752225206951707	0.143546254474749	1	-0.109499600683942	0.0133931130450737	-0.0188415193107635	-0.0125310200108558	-0.144582094025084	-0.049329427941992	-0.161687054186511	-0.0197283230077287	0.2580976328839	-0.0902289316975798	-0.0991072846863258	-0.063252009818625	0.00211022576255567	-0.0586850716663351
"Bacteroides_cellulosilyticus"	0.0375831492923886	-0.025835751130234	0.162133366979839	0.177408090361217	0.30434184944602	0.024689844038634	-0.0383210500102183	-0.0502172646726819	0.0576128729007261	0.186284297872964	0.168936536703219	-0.021520142324839	0.0300564247203523	-0.0661887447493402	0.125616821088206	0.0529858907693142	-0.0714138569594517	-0.0606724279184621	0.121677851727196	-0.0587947751555548	-0.0840461829427002	0.0259802567271634	-0.0846131959162361	-0.0692835726541709	0.0412758171284782	-0.0369869142930685	-0.0496400969819243	0.113488339503026	-0.0437636531515433	0.0605706268155576	0.171348531105269	0.185669009806232	0.130450946167037	0.122315241859944	-0.1131497672629	-0.109499600683942	1	-0.0662524769562036	0.214802591799525	0.0175223473563265	0.217210825988031	0.138870127136717	0.13168729842465	0.0903432703450064	0.0845467872257654	0.211657145191107	-0.0373636705528394	0.0437739579889203	0.0243247933692007	0.0680724932021285
"Mordavella_sp."	0.171952400457462	-0.018050686613535	-0.0312222821844399	0.055411339993819	-0.0955951889900677	-0.0477314842701018	-0.0271010508557628	0.0616083467348192	-0.0277163778816416	-0.00500113127321424	0.0343229143212239	0.00397053906130562	0.0821414669001074	-0.125006303886744	0.0288584722179364	-0.0358404133874952	0.0197538849387087	0.00563718780533864	0.148712140195973	-0.0770600255106964	0.0632026632711428	0.0305226598923213	-0.112795399983249	0.075809302857653	0.0748593092674182	-0.06395575375364	-0.0319622235933444	-0.0457394451758015	0.0369469168126286	-0.03583162142325	-0.0597288343369958	-0.0541155850755064	0.203220183461883	0.194036281007515	0.200487579874566	0.0133931130450737	-0.0662524769562036	1	-0.0728547762932167	-0.0466421463358504	0.110302981779799	-0.0566911076136168	0.020067427576601	0.233910987601679	-0.0831382260591748	-0.0137806983839632	0.434584700034145	-0.0426585887384177	0.221810698346372	0.0731569388884342
"Parabacteroides_goldsteinii"	0.0353004706603349	0.00304281385996814	-0.0456571673996886	-0.0365492259307296	0.142678948738967	0.0106573763056244	-0.0702343831303717	0.309829796938408	0.139797112972245	0.25181160800456	0.152956350998286	0.141398236070496	0.225902638443499	0.0414254792901198	0.0755908699789967	-0.0612103066890914	0.0320033403425721	-0.128045903831679	0.0392480064232554	-0.013647029547323	-0.0924216895413121	0.11478959421762	-0.054198458112637	-0.0731450604090617	-0.00199255493085002	-0.0461518087364114	-0.054586912473965	0.112876932013114	0.179040479829303	0.105174417375671	0.253596314259072	0.056858772991545	0.318132082842423	0.0464081603670936	0.0462058178534572	-0.0188415193107635	0.214802591799525	-0.0728547762932167	1	0.195987904318136	0.274560130163449	0.0560588327614747	-0.0707253689586071	0.158713745732202	0.00747670578099026	0.107540330017042	0.0239428947347625	0.11661313025555	0.0889901749872551	0.210442369115066
"Odoribacter_splanchnicus"	-0.128304868383353	0.0223601525733982	0.0520056697377746	-0.0533450548123997	0.245344356790772	0.0617266805652776	-0.116450192360161	0.368461108583524	0.194736749099699	0.485378954021785	0.289182675245312	0.381330618501909	0.126180413503723	0.0204229050793201	0.194709886847561	0.0650673574185758	0.0648121999228526	-0.18572583808539	0.107377013509455	0.0441982588594667	-0.0257077840130831	0.376297359276464	0.0906963718352363	-0.0788661801236936	0.081718692306006	0.126376945980443	-0.0791762935349183	-0.0361578414680172	0.180691083974583	0.12935875274268	0.480969317877435	0.169387096203253	0.465809521367379	0.174948326266744	0.105043887875498	-0.0125310200108558	0.0175223473563265	-0.0466421463358504	0.195987904318136	1	0.395798400682048	0.131902370440961	0.0665188816350814	-0.0471122570121817	-0.125701381247361	-0.0190752876287773	-0.0190553028116156	0.0984242473888376	0.071232850526909	0.0367859265771685
