""	"Methanobacteriales"	"Actinomycetales"	"Bifidobacteriales"	"Corynebacteriales"	"Micrococcales"	"Coriobacteriales"	"Bacteroidales"	"Campylobacterales"	"Desulfovibrionales"	"Entomoplasmatales"	"Erysipelotrichales"	"Lactobacillales"	"RF39"	"Staphylococcales"	"Christensenellales"	"Clostridia"	"Clostridia_UCG_014"	"Clostridia_vadinBB60_group"	"Clostridiales"	"Eubacteriales"	"Lachnospirales"	"Monoglobales"	"Oscillospirales"	"Peptococcales"	"Peptostreptococcales_Tissierellales"	"DTU014"	"Acidaminococcales"	"Veillonellales_Selenomonadales"	"Fusobacteriales"	"Saccharimonadales"	"Caulobacterales"	"Rhizobiales"	"Rhodospirillales"	"Sphingomonadales"	"Burkholderiales"	"Enterobacterales"	"Oceanospirillales"	"Pasteurellales"	"Vibrionales"	"Xanthomonadales"	"Synergistales"	"Victivallales"	"Verrucomicrobiales"
"Methanobacteriales"	0	0.608275038435406	0.31315112710311	0.254074079704258	0.768060471557786	0.0369622124756427	0.510354928100458	0.991292790518953	0.00532081283670195	0.366152472305446	0.937263351271657	0.879709417607059	0.00120812550888827	0.189033352347877	8.61840740322458e-08	0.000180797996631735	0.207981763728666	8.94407526682703e-05	0.929679849018616	0.025513408973843	0.595518479985745	0.766241099365384	0.956561135739428	0.63095460306627	0.616908481345156	0.473106946652333	0.0359610768773343	0.256099151219225	0.134290639127905	0.924369585610334	0.227103869839829	0.034555553946573	0.173549933608025	0.292360386468367	0.3654055688996	0.578027908604615	0.00147352503951876	0.0650986958382324	0.227324031303554	0.156789890529981	1.44758521500706e-05	0.181047076893091	0.334344295711499
"Actinomycetales"	0.608275038435406	0	0.358710654638274	0.0365557970102742	1.61627934459172e-06	0.155963116367379	0.212738495262025	0.000625458318398265	0.401591022357832	0.0413593367747354	0.0227917054432669	5.51759893174307e-08	0.46829735478379	3.92828086312065e-16	0.139553609217147	0.769077512771789	0.0737687088322095	0.377885952355887	0.0411371419325428	0.0323508484393918	0.0158274845833902	0.691264569380667	4.42301453399261e-06	0.748940702572965	6.26805862358073e-07	0.753117809286819	0.084987401625799	0.827027694164662	0.291272638488861	6.53929452992543e-13	0.00213667975246938	0.000208253551800898	0.524684168948289	0.944495624094153	0.158293679045227	0.00782764398621914	2.67262424625574e-06	0.00455541584938067	0.000187507161551257	3.02397123823695e-05	0.756753945050187	0.537319133840754	0.55940404012751
"Bifidobacteriales"	0.31315112710311	0.358710654638274	0	0.0851378011118498	0.609163836235874	1.89521046312573e-06	0.172560575065083	0.290399278115273	0.224328304400855	0.53322191070309	0.0642623233375584	0.00741996062289431	0.114381994167039	0.274860282608658	0.453378848586466	0.575200402635056	4.17841363721964e-06	0.0628751977674154	0.0119766730567033	0.00362827702334605	0.177306152785301	0.0117528806421315	0.0098428958029246	0.720086006748996	0.373317504204635	0.771334833083788	0.91230339528108	0.736908666966849	0.409884009128132	0.721127082576911	0.449389193322818	0.26076730357362	0.378564195790688	0.0960804379797114	0.861866195815704	0.000636145911063357	0.933527792687939	0.927976298949191	0.287011064053398	0.86263236712641	0.597011654799714	0.205149232631287	0.916903192548473
"Corynebacteriales"	0.254074079704258	0.0365557970102742	0.0851378011118498	0	0.0377147157074112	0.0848951886162891	0.984485945736651	0.00108937618973368	0.160929069153912	0.33253355978789	0.0798867274282293	0.46682413577932	0.279877425311287	0.531604903630527	0.137094094261203	0.00299567008970857	0.00919915822301376	0.579966312987246	0.56671112278394	7.27036050407394e-10	0.666511197913957	0.0117260018565751	0.0565006767228522	0.731437478782349	0.207129887932852	0.168252132793668	0.237974825300031	0.213289728123083	0.288456829181512	0.523241068368033	5.27305551786358e-05	4.85471708143115e-08	0.618281513809681	0.618281513809681	0.419878127809548	0.45162760322784	6.26559527163159e-08	0.0251794333873978	0.0029525616721478	5.99152558320063e-08	0.966451882554038	0.618281513809681	0.752277686938939
"Micrococcales"	0.768060471557786	1.61627934459172e-06	0.609163836235874	0.0377147157074112	0	0.0874583004692233	0.530862867848854	3.56922397683176e-05	0.255307670511529	0.00559911660245569	0.00541179231528864	8.9014469973677e-05	0.443146077167909	1.33662371269743e-05	0.18346056479826	0.501447800699	0.185800969610879	0.256383272646885	0.124988177340331	0.293774848832608	0.951879701498148	0.757199476306602	0.00463741269183377	0.959414338253742	0.00110813171936383	0.59478015659296	0.737775117050898	0.248688047621804	0.0634370913310426	1.53894325868486e-05	7.81814396396385e-05	6.33590045738772e-07	0.477278020600091	0.349771226224492	0.234992454770799	0.355914676729346	4.95233250238674e-07	0.034626382956208	9.46833334042216e-09	5.95878937327246e-08	0.353315129998447	0.477278020600091	0.0879527367137258
"Coriobacteriales"	0.0369622124756427	0.155963116367379	1.89521046312573e-06	0.0848951886162891	0.0874583004692233	0	0.824334833998194	0.00412646889635282	0.0196361752006839	0.223198442516896	0.000193295876821315	0.0902680403565981	0.858707740254981	0.170675211037945	3.50091753981845e-06	0.0345731705368927	0.455177187841319	0.949400209868677	0.874438505336978	1.57506671429323e-08	0.0282796281481588	0.382600174936235	0.923183771343193	0.00516366305352442	0.00015284140758301	0.250280361091156	0.0846486686898743	0.0464197175390718	0.684890134820917	0.013674490856174	0.0216527684861288	0.00522527330612812	0.0617003598701714	0.482484847901236	0.451655380194143	0.0102361738346809	0.00163552383050564	0.843788809173895	0.101532006508528	0.00176050343182196	0.11428107821497	0.726683761055635	0.196881968204774
"Bacteroidales"	0.510354928100458	0.212738495262025	0.172560575065083	0.984485945736651	0.530862867848854	0.824334833998194	0	0.980037183623335	8.46815564057654e-05	0.416211717577597	0.238286168832446	0.125973602778453	0.0758761184173511	0.0155003406775606	0.00189587496543852	0.247057659906903	0.0482792175480503	0.171774434003263	0.981058301303907	0.444821714158425	0.00137745851179263	0.323135017293721	0.00173128449607239	0.784447129641888	0.570687308762733	0.223338821057726	2.49716306342176e-05	7.42752110426573e-06	0.556444046105015	0.410555992153598	0.938034210963059	0.623852018214957	0.927610380136248	0.958634621299201	0.000164366445661678	0.0370697227154595	0.355095681293963	0.324229112044944	0.746609025293655	0.577689163746959	0.153556303614473	0.275734291374413	0.0653217954777769
"Campylobacterales"	0.991292790518953	0.000625458318398265	0.290399278115273	0.00108937618973368	3.56922397683176e-05	0.00412646889635282	0.980037183623335	0	0.495087515766886	2.35385223769982e-18	0.0320722175619044	0.438731083938855	0.559666987126994	0.0230916808502026	0.476926872100911	4.99943174160656e-05	0.162193870210911	0.667508775943988	0.267893832390514	0.0170433141071503	0.645891226567196	0.789532938075163	0.369161481494953	0.474056800316971	0.0191570311863593	0.00418575984971051	0.431946558182323	0.626636136710334	0.355209893328435	0.0553530479245496	1.16313864199064e-06	6.26451124407017e-07	0.000397533262457574	0.787737332037947	0.0450606963041591	0.70891655644444	1.84794109595867e-05	0.942989754422499	3.76255949727608e-35	2.19224041363362e-07	0.958615126133118	0.000472849095782065	0.636185794974365
"Desulfovibrionales"	0.00532081283670195	0.401591022357832	0.224328304400855	0.160929069153912	0.255307670511529	0.0196361752006839	8.46815564057654e-05	0.495087515766886	0	0.981296942428582	0.583555573387035	0.258335183612388	0.0594315371712651	0.77242645160024	7.5533240634244e-09	0.241454927418186	0.0105877104910607	0.00437828416072489	0.474746378199345	0.351349812498388	0.0212787329056831	0.590177282763039	0.000115477742355342	0.204526008349226	0.181325502390077	0.0447638928473901	4.32030010354445e-06	0.149158168552592	0.442218452212725	0.355589922484285	0.808263193490525	0.816232226675691	0.877393945740664	0.205275346963829	0.304728631731194	0.564571943077822	0.601518215388099	0.463176587393348	0.495756509249127	0.413896192931703	3.06601376074817e-06	0.0797717371943838	0.728041393370432
"Entomoplasmatales"	0.366152472305446	0.0413593367747354	0.53322191070309	0.33253355978789	0.00559911660245569	0.223198442516896	0.416211717577597	2.35385223769982e-18	0.981296942428582	0	0.147688004475148	0.602579333185624	0.635923415064338	0.0967148668780198	0.634612345782893	0.701671142468695	0.972105721303701	0.727356240121339	0.0838453650870795	0.935126938948559	0.795674863714448	0.247986423909446	0.842756837915618	0.533687243583404	0.130382168342514	0.788351276591504	0.38671864270463	0.91241939139876	0.4531902959193	0.434735737598488	0.00576643687866995	0.00860989753216625	0.827008931694941	0.827008931694941	0.0211717970007944	0.713144609652313	0.00184272696151826	0.700506607926836	6.41364245138971e-15	0.000135533389219379	0.608053744447258	0.827008931694941	0.849800478526585
"Erysipelotrichales"	0.937263351271657	0.0227917054432669	0.0642623233375584	0.0798867274282293	0.00541179231528864	0.000193295876821315	0.238286168832446	0.0320722175619044	0.583555573387035	0.147688004475148	0	0.299607763856978	0.188256561240835	0.00161840523408278	0.00329572588856366	0.501881579316564	0.65982928710076	0.846818008636166	0.0061321269564249	0.0101133785301483	0.000391315179949244	0.00552876985808804	0.452459599351156	0.127897546806383	1.475059550596e-08	0.960498214809983	0.72252478663363	0.259649763209303	0.515356970588081	0.0140120926639184	0.0298599439464253	0.000105074030621353	0.208848315413477	0.551560168057007	0.0980389399837192	0.999142343557124	0.000717871384380955	0.0431719079505327	0.0763303804716745	0.00145597376266003	0.662516342547289	0.426934854936545	0.399460497382641
"Lactobacillales"	0.879709417607059	5.51759893174307e-08	0.00741996062289431	0.46682413577932	8.9014469973677e-05	0.0902680403565981	0.125973602778453	0.438731083938855	0.258335183612388	0.602579333185624	0.299607763856978	0	0.219250935712295	5.88189891584704e-06	0.403665190738017	0.647348061070282	0.335167524950406	0.942800104839546	0.72804569148561	0.211942846344747	0.00203615571181315	0.0146558238851286	1.03642992204797e-05	0.789096633519671	0.105595591938195	0.621035831717298	0.176187741084391	0.0518223807742732	0.163341280458404	6.11415452095774e-05	0.629971864172222	0.01257590324464	0.516771909676627	0.414077859084569	0.229672272144384	0.941633861146174	0.000520321582191415	9.27726953876107e-08	0.36443958441077	0.145994370329747	0.919008086817092	0.270366412293304	0.224521028374189
"RF39"	0.00120812550888827	0.46829735478379	0.114381994167039	0.279877425311287	0.443146077167909	0.858707740254981	0.0758761184173511	0.559666987126994	0.0594315371712651	0.635923415064338	0.188256561240835	0.219250935712295	0	0.136492509692854	7.62785791193325e-05	0.559666987126994	0.000662672238699478	0.148897381905201	0.4999886445404	0.066591583605859	0.404202222986548	0.178482581474201	0.0591958473143489	0.206940246213262	0.906292448120257	0.682729017503109	0.900653705787078	0.248197279506397	0.856829075934148	0.83321129239726	0.294414566546989	0.833877474472617	0.739338527933984	0.739338527933984	0.0855586683977853	0.736699446949584	0.771535828619491	0.415249260283638	0.527387511168263	0.337439577484695	0.217284356055072	0.739338527933984	0.954269977305806
"Staphylococcales"	0.189033352347877	3.92828086312065e-16	0.274860282608658	0.531604903630527	1.33662371269743e-05	0.170675211037945	0.0155003406775606	0.0230916808502026	0.77242645160024	0.0967148668780198	0.00161840523408278	5.88189891584704e-06	0.136492509692854	0	0.0205647696837426	0.931928949817033	0.514340491275784	0.273478226110611	0.000736254592343828	0.297324685872629	0.65470596190228	0.701984470018008	0.00145673870894425	0.616902718662091	5.69152830476482e-10	0.399421300018383	0.0535881821997436	0.831167253057768	0.104022740542548	7.42524927911932e-15	0.404136689972118	0.0699620503449292	0.211404517507196	0.492862904884188	0.616976125071375	0.00169097846692386	0.00915180765602625	1.43441849393027e-05	0.362795619397812	0.0157381335760066	0.890715561288807	0.219787881540703	0.522347683251983
"Christensenellales"	8.61840740322458e-08	0.139553609217147	0.453378848586466	0.137094094261203	0.18346056479826	3.50091753981845e-06	0.00189587496543852	0.476926872100911	7.5533240634244e-09	0.634612345782893	0.00329572588856366	0.403665190738017	7.62785791193325e-05	0.0205647696837426	0	0.00209360878959452	5.64831930256886e-06	0.00125814894692099	0.537336605839236	0.000186102079501575	0.000288346434013416	0.0711777393903206	1.4365459326163e-06	3.82982110073448e-06	0.000885559802326179	0.0119186285489751	1.29879945271261e-07	0.758446841507803	0.528361310941215	0.703819305202986	0.105636948135463	0.0569185448538527	0.0284775604366097	0.769877760809931	0.0666552337913515	0.000639513257394096	0.0178870706639782	0.379696582471141	0.64433684047048	0.305011938960216	1.18862097311201e-05	0.0145288779831412	0.00318329033614048
"Clostridia"	0.000180797996631735	0.769077512771789	0.575200402635056	0.00299567008970857	0.501447800699	0.0345731705368927	0.247057659906903	4.99943174160656e-05	0.241454927418186	0.701671142468695	0.501881579316564	0.647348061070282	0.559666987126994	0.931928949817033	0.00209360878959452	0	0.396360328730648	0.0353560324648839	0.608519167566491	0.0192068563537703	0.591223504957142	0.485365861666377	0.687998106826216	0.029472202698636	0.256440516684785	0.00418575984971051	0.104540569990674	0.0340813870840798	0.355209893328435	0.827296643352608	0.06046315348356	0.00105478838065945	0.000275485671231515	0.787737332037947	0.446743762669046	0.37583714645404	0.00033748530632951	0.228742690179621	0.0964377762788525	0.000469244892516375	0.278372058914674	0.000330628489657684	0.0215973164236573
"Clostridia_UCG_014"	0.207981763728666	0.0737687088322095	4.17841363721964e-06	0.00919915822301376	0.185800969610879	0.455177187841319	0.0482792175480503	0.162193870210911	0.0105877104910607	0.972105721303701	0.65982928710076	0.335167524950406	0.000662672238699478	0.514340491275784	5.64831930256886e-06	0.396360328730648	0	0.00177905699320075	0.000111084167110725	0.000288665409831409	9.08251285204752e-06	0.000556338330701917	2.5114483012958e-07	0.0237476659198026	0.0114394200872147	0.160844539165669	0.103755736437627	0.496023243406201	0.511276220194167	0.291417513622006	0.0565204804185743	0.179108047422891	0.426052449289263	0.426052449289263	0.410142990005723	0.057812740929743	0.611057685446507	0.0715910704081794	0.129781252406052	0.401363446080931	0.771305461377498	0.420651051932011	0.837065198165772
"Clostridia_vadinBB60_group"	8.94407526682703e-05	0.377885952355887	0.0628751977674154	0.579966312987246	0.256383272646885	0.949400209868677	0.171774434003263	0.667508775943988	0.00437828416072489	0.727356240121339	0.846818008636166	0.942800104839546	0.148897381905201	0.273478226110611	0.00125814894692099	0.0353560324648839	0.00177905699320075	0	0.720940597381726	0.83043493069709	0.477209658116644	0.313274521401956	0.979008432940663	0.485171513006624	0.173154852474677	8.47205859643715e-13	0.17598081458592	0.582375265485856	0.0954663199020987	0.259975391444053	0.440287133976576	0.950556760752417	0.806409496213184	0.806409496213184	0.271531910683725	0.149013900595957	0.801089262044102	0.273478226110611	0.641654893325649	0.183838723409177	0.00501872857015317	2.99480717139161e-05	0.169251743666712
"Clostridiales"	0.929679849018616	0.0411371419325428	0.0119766730567033	0.56671112278394	0.124988177340331	0.874438505336978	0.981058301303907	0.267893832390514	0.474746378199345	0.0838453650870795	0.0061321269564249	0.72804569148561	0.4999886445404	0.000736254592343828	0.537336605839236	0.608519167566491	0.000111084167110725	0.720940597381726	0	0.0182545887754781	0.00774297131453732	0.0315040221367958	0.599829646314377	0.440037896502166	1.37450876755388e-08	0.435373202981798	0.531256196346871	0.0997679468498172	0.735809391189058	0.000857146293324655	0.991828807216904	0.163993193163877	0.0926509490144773	0.560640403492226	0.572435443292144	0.332636798478531	0.00976306558650267	0.000185221794420368	0.126113225553742	0.104523785702059	0.279695891072269	0.278698340810563	0.0329930876841086
"Eubacteriales"	0.025513408973843	0.0323508484393918	0.00362827702334605	7.27036050407394e-10	0.293774848832608	1.57506671429323e-08	0.444821714158425	0.0170433141071503	0.351349812498388	0.935126938948559	0.0101133785301483	0.211942846344747	0.066591583605859	0.297324685872629	0.000186102079501575	0.0192068563537703	0.000288665409831409	0.83043493069709	0.0182545887754781	0	0.0330696716041062	0.000424228440898609	0.00118906805346704	0.144123857261882	0.0133436145599537	0.568380684921931	0.00271546334524037	0.0478079095357276	0.507618308711911	0.396054537007341	0.000527253977742764	0.000532960927863278	0.0354534427904186	0.398822746624145	0.532786545778649	0.612726921524213	0.00115471471619881	0.0126787758336743	0.217014854201311	0.000943270739104732	0.014260910529377	0.50318667625191	0.00476780138403482
"Lachnospirales"	0.595518479985745	0.0158274845833902	0.177306152785301	0.666511197913957	0.951879701498148	0.0282796281481588	0.00137745851179263	0.645891226567196	0.0212787329056831	0.795674863714448	0.000391315179949244	0.00203615571181315	0.404202222986548	0.65470596190228	0.000288346434013416	0.591223504957142	9.08251285204752e-06	0.477209658116644	0.00774297131453732	0.0330696716041062	0	3.85013793836664e-08	6.84127715209318e-11	0.297661830699021	0.0404409826733331	0.963995923232916	0.000695438676897131	0.0808239519735734	0.712388805904224	0.163828022180193	0.882405886017386	0.812235336129131	0.9479798863043	0.196064532762718	0.586490398402323	0.000194962973222145	0.776899099200945	0.226749973804131	0.814690750533875	0.668793537525886	0.269147095440279	0.75793548061174	0.025115695090548
"Monoglobales"	0.766241099365384	0.691264569380667	0.0117528806421315	0.0117260018565751	0.757199476306602	0.382600174936235	0.323135017293721	0.789532938075163	0.590177282763039	0.247986423909446	0.00552876985808804	0.0146558238851286	0.178482581474201	0.701984470018008	0.0711777393903206	0.485365861666377	0.000556338330701917	0.313274521401956	0.0315040221367958	0.000424228440898609	3.85013793836664e-08	0	4.60629871426256e-11	0.682506098998614	0.339258465597451	0.110163584209173	0.673506824654058	0.170263207832185	0.558722725500226	0.0745627052699811	0.974373932674834	0.672096224554024	0.242070813515503	0.874551060650383	0.244576449281707	0.143270917073039	0.9713092848311	0.00902110894005963	0.338623963595409	0.487355258624106	0.599221435170996	0.963323784565305	0.134683388344868
"Oscillospirales"	0.956561135739428	4.42301453399261e-06	0.0098428958029246	0.0565006767228522	0.00463741269183377	0.923183771343193	0.00173128449607239	0.369161481494953	0.000115477742355342	0.842756837915618	0.452459599351156	1.03642992204797e-05	0.0591958473143489	0.00145673870894425	1.4365459326163e-06	0.687998106826216	2.5114483012958e-07	0.979008432940663	0.599829646314377	0.00118906805346704	6.84127715209318e-11	4.60629871426256e-11	0	0.127858332293723	0.898451401374953	0.832043636405178	0.00313469696603869	0.459119937010008	0.346448222036537	0.228730189048197	0.514046855232478	0.0390736850698889	0.701462716428046	0.260389830335019	0.388653252510265	4.36671047011474e-07	0.244356487526738	0.628436407878768	0.254891206716336	0.0892036140200214	0.830088590099137	0.95357540400589	0.379289155013842
"Peptococcales"	0.63095460306627	0.748940702572965	0.720086006748996	0.731437478782349	0.959414338253742	0.00516366305352442	0.784447129641888	0.474056800316971	0.204526008349226	0.533687243583404	0.127897546806383	0.789096633519671	0.206940246213262	0.616902718662091	3.82982110073448e-06	0.029472202698636	0.0237476659198026	0.485171513006624	0.440037896502166	0.144123857261882	0.297661830699021	0.682506098998614	0.127858332293723	0	0.037393376688467	0.125248104828858	0.0565053126637986	0.488797899794128	0.490921229739255	0.893345685903628	0.563876053621613	0.345635072110752	0.0256934025959654	0.661831537792124	0.19956086280684	0.17410515056384	0.603054200099633	0.594411448025941	0.557913338313112	0.434008894765894	0.0580871232973503	0.661831537792124	0.0860560110672906
"Peptostreptococcales_Tissierellales"	0.616908481345156	6.26805862358073e-07	0.373317504204635	0.207129887932852	0.00110813171936383	0.00015284140758301	0.570687308762733	0.0191570311863593	0.181325502390077	0.130382168342514	1.475059550596e-08	0.105595591938195	0.906292448120257	5.69152830476482e-10	0.000885559802326179	0.256440516684785	0.0114394200872147	0.173154852474677	1.37450876755388e-08	0.0133436145599537	0.0404409826733331	0.339258465597451	0.898451401374953	0.037393376688467	0	0.960335510858894	0.714049901155454	0.620510683472072	0.906575515558403	4.13773826419842e-08	0.180999953748367	0.000595521347684127	0.107707989932472	0.116571581444582	0.163809988414032	0.92887276163393	0.000400714719035002	0.00319167704365338	0.0172376888962001	0.00537642836289846	0.225315911877608	0.641752372863714	0.373686342576233
"DTU014"	0.473106946652333	0.753117809286819	0.771334833083788	0.168252132793668	0.59478015659296	0.250280361091156	0.223338821057726	0.00418575984971051	0.0447638928473901	0.788351276591504	0.960498214809983	0.621035831717298	0.682729017503109	0.399421300018383	0.0119186285489751	0.00418575984971051	0.160844539165669	8.47205859643715e-13	0.435373202981798	0.568380684921931	0.963995923232916	0.110163584209173	0.832043636405178	0.125248104828858	0.960335510858894	0	0.0947564655333609	0.452255181237773	0.51726676760253	0.654824601854207	0.158093425624773	0.655547174651875	0.850327295701512	0.850327295701512	0.668887673221397	0.458531991334668	0.969494365832939	0.399421300018383	0.00714639933171324	0.596465805935573	0.346753543149517	3.29797717314633e-08	0.596613946989824
"Acidaminococcales"	0.0359610768773343	0.084987401625799	0.91230339528108	0.237974825300031	0.737775117050898	0.0846486686898743	2.49716306342176e-05	0.431946558182323	4.32030010354445e-06	0.38671864270463	0.72252478663363	0.176187741084391	0.900653705787078	0.0535881821997436	1.29879945271261e-07	0.104540569990674	0.103755736437627	0.17598081458592	0.531256196346871	0.00271546334524037	0.000695438676897131	0.673506824654058	0.00313469696603869	0.0565053126637986	0.714049901155454	0.0947564655333609	0	0.437326401216657	0.416682852766857	0.437492929584723	0.308273362378458	0.234637825706748	0.689365435146443	0.247666540778456	0.200506396470727	0.0600987204246341	0.976495355370515	0.124347947204129	0.547143984612678	0.102598461305385	0.00337459073855827	0.307496792802278	0.39362119124032
"Veillonellales_Selenomonadales"	0.256099151219225	0.827027694164662	0.736908666966849	0.213289728123083	0.248688047621804	0.0464197175390718	7.42752110426573e-06	0.626636136710334	0.149158168552592	0.91241939139876	0.259649763209303	0.0518223807742732	0.248197279506397	0.831167253057768	0.758446841507803	0.0340813870840798	0.496023243406201	0.582375265485856	0.0997679468498172	0.0478079095357276	0.0808239519735734	0.170263207832185	0.459119937010008	0.488797899794128	0.620510683472072	0.452255181237773	0.437326401216657	0	0.00372957405058308	0.428669101131835	0.93599827570005	0.354779096426705	0.542110698853443	0.346217917844069	2.30918946150694e-05	0.0788459792701726	0.874607875806953	0.00959267113958729	0.779056551520675	0.998019250168263	0.842510012781755	0.893150344125867	0.0285352655980734
"Fusobacteriales"	0.134290639127905	0.291272638488861	0.409884009128132	0.288456829181512	0.0634370913310426	0.684890134820917	0.556444046105015	0.355209893328435	0.442218452212725	0.4531902959193	0.515356970588081	0.163341280458404	0.856829075934148	0.104022740542548	0.528361310941215	0.355209893328435	0.511276220194167	0.0954663199020987	0.735809391189058	0.507618308711911	0.712388805904224	0.558722725500226	0.346448222036537	0.490921229739255	0.906575515558403	0.51726676760253	0.416682852766857	0.00372957405058308	0	0.424466115251239	0.388645704750595	0.666346541080943	0.598143531822212	0.112699282429994	0.563647512224975	0.955093771867695	0.443381360416082	0.163325304961846	0.977142418216135	0.179486969890792	0.881083895013055	0.598143531822212	0.144054538000424
"Saccharimonadales"	0.924369585610334	6.53929452992543e-13	0.721127082576911	0.523241068368033	1.53894325868486e-05	0.013674490856174	0.410555992153598	0.0553530479245496	0.355589922484285	0.434735737598488	0.0140120926639184	6.11415452095774e-05	0.83321129239726	7.42524927911932e-15	0.703819305202986	0.827296643352608	0.291417513622006	0.259975391444053	0.000857146293324655	0.396054537007341	0.163828022180193	0.0745627052699811	0.228730189048197	0.893345685903628	4.13773826419842e-08	0.654824601854207	0.437492929584723	0.428669101131835	0.424466115251239	0	0.0266351044198658	0.00998574316445748	0.453302527476881	0.841216943155141	0.28847928895935	0.144497557445925	4.52108682831837e-05	4.95541597973289e-06	0.158243544336294	0.00243954918530389	0.244547947923477	0.466559105146789	0.210828204620545
"Caulobacterales"	0.227103869839829	0.00213667975246938	0.449389193322818	5.27305551786358e-05	7.81814396396385e-05	0.0216527684861288	0.938034210963059	1.16313864199064e-06	0.808263193490525	0.00576643687866995	0.0298599439464253	0.629971864172222	0.294414566546989	0.404136689972118	0.105636948135463	0.06046315348356	0.0565204804185743	0.440287133976576	0.991828807216904	0.000527253977742764	0.882405886017386	0.974373932674834	0.514046855232478	0.563876053621613	0.180999953748367	0.158093425624773	0.308273362378458	0.93599827570005	0.388645704750595	0.0266351044198658	0	2.3607206744351e-16	0.0819919656111972	4.89560431187601e-06	0.0367092710873116	0.811784886266167	2.40397824108004e-14	0.154941322213737	1.13584164045436e-05	1.06960622008166e-18	0.456323705887952	0.086685774208173	0.408885382663725
"Rhizobiales"	0.034555553946573	0.000208253551800898	0.26076730357362	4.85471708143115e-08	6.33590045738772e-07	0.00522527330612812	0.623852018214957	6.26451124407017e-07	0.816232226675691	0.00860989753216625	0.000105074030621353	0.01257590324464	0.833877474472617	0.0699620503449292	0.0569185448538527	0.00105478838065945	0.179108047422891	0.950556760752417	0.163993193163877	0.000532960927863278	0.812235336129131	0.672096224554024	0.0390736850698889	0.345635072110752	0.000595521347684127	0.655547174651875	0.234637825706748	0.354779096426705	0.666346541080943	0.00998574316445748	2.3607206744351e-16	0	0.34565665265533	0.00352529910827034	0.475199379362005	0.855434639235312	1.79988061965243e-26	0.90264496193995	1.87333879882808e-05	1.37099209787557e-22	0.919283800819465	0.356846317438058	0.0500377157382774
"Rhodospirillales"	0.173549933608025	0.524684168948289	0.378564195790688	0.618281513809681	0.477278020600091	0.0617003598701714	0.927610380136248	0.000397533262457574	0.877393945740664	0.827008931694941	0.208848315413477	0.516771909676627	0.739338527933984	0.211404517507196	0.0284775604366097	0.000275485671231515	0.426052449289263	0.806409496213184	0.0926509490144773	0.0354534427904186	0.9479798863043	0.242070813515503	0.701462716428046	0.0256934025959654	0.107707989932472	0.850327295701512	0.689365435146443	0.542110698853443	0.598143531822212	0.453302527476881	0.0819919656111972	0.34565665265533	0	0.877910307946706	0.507209040260662	0.745613569112199	0.638894894546731	0.492862904884188	0.770522839065175	0.290945863334277	0.167947890834979	6.56241599278554e-12	0.0422843558263897
"Sphingomonadales"	0.292360386468367	0.944495624094153	0.0960804379797114	0.618281513809681	0.349771226224492	0.482484847901236	0.958634621299201	0.787737332037947	0.205275346963829	0.827008931694941	0.551560168057007	0.414077859084569	0.739338527933984	0.492862904884188	0.769877760809931	0.787737332037947	0.426052449289263	0.806409496213184	0.560640403492226	0.398822746624145	0.196064532762718	0.874551060650383	0.260389830335019	0.661831537792124	0.116571581444582	0.850327295701512	0.247666540778456	0.346217917844069	0.112699282429994	0.841216943155141	4.89560431187601e-06	0.00352529910827034	0.877910307946706	0	0.0988464418832356	0.477799693228463	0.00992773523170483	0.492862904884188	0.770522839065175	0.00199781015426285	0.168152926152442	0.877910307946706	0.328164550270904
"Burkholderiales"	0.3654055688996	0.158293679045227	0.861866195815704	0.419878127809548	0.234992454770799	0.451655380194143	0.000164366445661678	0.0450606963041591	0.304728631731194	0.0211717970007944	0.0980389399837192	0.229672272144384	0.0855586683977853	0.616976125071375	0.0666552337913515	0.446743762669046	0.410142990005723	0.271531910683725	0.572435443292144	0.532786545778649	0.586490398402323	0.244576449281707	0.388653252510265	0.19956086280684	0.163809988414032	0.668887673221397	0.200506396470727	2.30918946150694e-05	0.563647512224975	0.28847928895935	0.0367092710873116	0.475199379362005	0.507209040260662	0.0988464418832356	0	0.487326600207262	0.791443089079296	0.596686748556988	0.0306381732024509	0.0118120529670252	0.568704045267008	0.520273955599255	0.0872972849651652
"Enterobacterales"	0.578027908604615	0.00782764398621914	0.000636145911063357	0.45162760322784	0.355914676729346	0.0102361738346809	0.0370697227154595	0.70891655644444	0.564571943077822	0.713144609652313	0.999142343557124	0.941633861146174	0.736699446949584	0.00169097846692386	0.000639513257394096	0.37583714645404	0.057812740929743	0.149013900595957	0.332636798478531	0.612726921524213	0.000194962973222145	0.143270917073039	4.36671047011474e-07	0.17410515056384	0.92887276163393	0.458531991334668	0.0600987204246341	0.0788459792701726	0.955093771867695	0.144497557445925	0.811784886266167	0.855434639235312	0.745613569112199	0.477799693228463	0.487326600207262	0	0.611403914490064	0.0228518548889397	0.650400892116498	0.484404548029629	0.465419497283819	0.36556801476105	0.641561791701633
"Oceanospirillales"	0.00147352503951876	2.67262424625574e-06	0.933527792687939	6.26559527163159e-08	4.95233250238674e-07	0.00163552383050564	0.355095681293963	1.84794109595867e-05	0.601518215388099	0.00184272696151826	0.000717871384380955	0.000520321582191415	0.771535828619491	0.00915180765602625	0.0178870706639782	0.00033748530632951	0.611057685446507	0.801089262044102	0.00976306558650267	0.00115471471619881	0.776899099200945	0.9713092848311	0.244356487526738	0.603054200099633	0.000400714719035002	0.969494365832939	0.976495355370515	0.874607875806953	0.443381360416082	4.52108682831837e-05	2.40397824108004e-14	1.79988061965243e-26	0.638894894546731	0.00992773523170483	0.791443089079296	0.611403914490064	0	0.401377464218742	4.46883888711483e-05	1.10458336256838e-25	0.604335538386027	0.65309132834016	0.367448630978579
"Pasteurellales"	0.0650986958382324	0.00455541584938067	0.927976298949191	0.0251794333873978	0.034626382956208	0.843788809173895	0.324229112044944	0.942989754422499	0.463176587393348	0.700506607926836	0.0431719079505327	9.27726953876107e-08	0.415249260283638	1.43441849393027e-05	0.379696582471141	0.228742690179621	0.0715910704081794	0.273478226110611	0.000185221794420368	0.0126787758336743	0.226749973804131	0.00902110894005963	0.628436407878768	0.594411448025941	0.00319167704365338	0.399421300018383	0.124347947204129	0.00959267113958729	0.163325304961846	4.95541597973289e-06	0.154941322213737	0.90264496193995	0.492862904884188	0.492862904884188	0.596686748556988	0.0228518548889397	0.401377464218742	0	0.805473882810007	0.0896303517497841	0.0314037135956849	0.492862904884188	0.00777893319830743
"Vibrionales"	0.227324031303554	0.000187507161551257	0.287011064053398	0.0029525616721478	9.46833334042216e-09	0.101532006508528	0.746609025293655	3.76255949727608e-35	0.495756509249127	6.41364245138971e-15	0.0763303804716745	0.36443958441077	0.527387511168263	0.362795619397812	0.64433684047048	0.0964377762788525	0.129781252406052	0.641654893325649	0.126113225553742	0.217014854201311	0.814690750533875	0.338623963595409	0.254891206716336	0.557913338313112	0.0172376888962001	0.00714639933171324	0.547143984612678	0.779056551520675	0.977142418216135	0.158243544336294	1.13584164045436e-05	1.87333879882808e-05	0.770522839065175	0.770522839065175	0.0306381732024509	0.650400892116498	4.46883888711483e-05	0.805473882810007	0	1.30122709992683e-07	0.24704906184112	0.770522839065175	0.859082911959862
"Xanthomonadales"	0.156789890529981	3.02397123823695e-05	0.86263236712641	5.99152558320063e-08	5.95878937327246e-08	0.00176050343182196	0.577689163746959	2.19224041363362e-07	0.413896192931703	0.000135533389219379	0.00145597376266003	0.145994370329747	0.337439577484695	0.0157381335760066	0.305011938960216	0.000469244892516375	0.401363446080931	0.183838723409177	0.104523785702059	0.000943270739104732	0.668793537525886	0.487355258624106	0.0892036140200214	0.434008894765894	0.00537642836289846	0.596465805935573	0.102598461305385	0.998019250168263	0.179486969890792	0.00243954918530389	1.06960622008166e-18	1.37099209787557e-22	0.290945863334277	0.00199781015426285	0.0118120529670252	0.484404548029629	1.10458336256838e-25	0.0896303517497841	1.30122709992683e-07	0	0.778418080443615	0.301126754357664	0.382698314190422
"Synergistales"	1.44758521500706e-05	0.756753945050187	0.597011654799714	0.966451882554038	0.353315129998447	0.11428107821497	0.153556303614473	0.958615126133118	3.06601376074817e-06	0.608053744447258	0.662516342547289	0.919008086817092	0.217284356055072	0.890715561288807	1.18862097311201e-05	0.278372058914674	0.771305461377498	0.00501872857015317	0.279695891072269	0.014260910529377	0.269147095440279	0.599221435170996	0.830088590099137	0.0580871232973503	0.225315911877608	0.346753543149517	0.00337459073855827	0.842510012781755	0.881083895013055	0.244547947923477	0.456323705887952	0.919283800819465	0.167947890834979	0.168152926152442	0.568704045267008	0.465419497283819	0.604335538386027	0.0314037135956849	0.24704906184112	0.778418080443615	0	0.175235414150672	0.0371517499318728
"Victivallales"	0.181047076893091	0.537319133840754	0.205149232631287	0.618281513809681	0.477278020600091	0.726683761055635	0.275734291374413	0.000472849095782065	0.0797717371943838	0.827008931694941	0.426934854936545	0.270366412293304	0.739338527933984	0.219787881540703	0.0145288779831412	0.000330628489657684	0.420651051932011	2.99480717139161e-05	0.278698340810563	0.50318667625191	0.75793548061174	0.963323784565305	0.95357540400589	0.661831537792124	0.641752372863714	3.29797717314633e-08	0.307496792802278	0.893150344125867	0.598143531822212	0.466559105146789	0.086685774208173	0.356846317438058	6.56241599278554e-12	0.877910307946706	0.520273955599255	0.36556801476105	0.65309132834016	0.492862904884188	0.770522839065175	0.301126754357664	0.175235414150672	0	0.0523317531161224
"Verrucomicrobiales"	0.334344295711499	0.55940404012751	0.916903192548473	0.752277686938939	0.0879527367137258	0.196881968204774	0.0653217954777769	0.636185794974365	0.728041393370432	0.849800478526585	0.399460497382641	0.224521028374189	0.954269977305806	0.522347683251983	0.00318329033614048	0.0215973164236573	0.837065198165772	0.169251743666712	0.0329930876841086	0.00476780138403482	0.025115695090548	0.134683388344868	0.379289155013842	0.0860560110672906	0.373686342576233	0.596613946989824	0.39362119124032	0.0285352655980734	0.144054538000424	0.210828204620545	0.408885382663725	0.0500377157382774	0.0422843558263897	0.328164550270904	0.0872972849651652	0.641561791701633	0.367448630978579	0.00777893319830743	0.859082911959862	0.382698314190422	0.0371517499318728	0.0523317531161224	0
