""	"Methanobacteriales"	"Actinomycetales"	"Bifidobacteriales"	"Corynebacteriales"	"Micrococcales"	"Coriobacteriales"	"Bacteroidales"	"Campylobacterales"	"Desulfovibrionales"	"Entomoplasmatales"	"Erysipelotrichales"	"Lactobacillales"	"RF39"	"Staphylococcales"	"Christensenellales"	"Clostridia"	"Clostridia_UCG_014"	"Clostridia_vadinBB60_group"	"Clostridiales"	"Eubacteriales"	"Lachnospirales"	"Monoglobales"	"Oscillospirales"	"Peptococcales"	"Peptostreptococcales_Tissierellales"	"DTU014"	"Acidaminococcales"	"Veillonellales_Selenomonadales"	"Fusobacteriales"	"Saccharimonadales"	"Caulobacterales"	"Rhizobiales"	"Rhodospirillales"	"Sphingomonadales"	"Burkholderiales"	"Enterobacterales"	"Oceanospirillales"	"Pasteurellales"	"Vibrionales"	"Xanthomonadales"	"Synergistales"	"Victivallales"	"Verrucomicrobiales"
"Methanobacteriales"	1	-0.0394689178656973	-0.0775847458982669	0.0876920036876092	0.0227162526158188	0.159680348713714	0.0506796770638082	0.000840710683774726	0.212245751658994	-0.0695342755197079	-0.00606351692265044	-0.0116581903649341	0.245536489930959	-0.100925169520638	0.39549081213184	0.282559405841273	0.0967720493329983	0.295052077492157	0.00679825107611228	0.170798699965126	-0.0408784368586911	-0.0228997162760357	-0.00419614309200574	0.0369946204235939	-0.0385223937480337	0.0552266530324113	0.160525448329433	-0.0873205106229499	0.114971833998637	0.00731310168202114	0.0928481564009658	0.161746110745071	0.104550901722993	0.0809833325686918	-0.0696424333324731	-0.0428334871189527	0.241334575303998	-0.141386112887518	-0.0928043711963993	0.108756707335094	0.32495996417291	0.102766823924194	0.0742687334330677
"Actinomycetales"	-0.0394689178656973	1	0.0706180925570856	0.160021061520539	0.357226557916032	0.108972726233949	-0.0957726536256465	0.258981499457755	-0.0645498699823027	0.156182695765794	0.174064835160597	0.400907692401232	-0.0558276201295698	0.570219266616562	-0.113450850691453	0.0226137509113518	-0.137094421944624	-0.0678527121526503	0.156351747993906	0.163748354873914	-0.184285232132591	-0.0305872577069643	-0.342855561705356	-0.0246508843502839	0.370135730688779	0.024226948274924	-0.132110328433094	0.0168325541036907	0.081165485801575	0.513912663971554	0.233273261388317	0.279978115518552	0.0489769820971867	-0.00536332179930796	0.108365982770511	0.202741100844356	0.350135388825122	0.215960946565753	0.281896525917551	0.313245704427859	-0.0238585073869504	0.0474951105761998	-0.0449458089915441
"Bifidobacteriales"	-0.0775847458982669	0.0706180925570856	1	0.132047203730193	0.0393712037431325	0.355000361120478	-0.104790568353814	0.0813120662248839	-0.093402746657228	0.0479737105057055	0.141824346625859	0.204082088970905	-0.121177285366118	-0.0839709239228561	-0.0577136661225368	0.0431520929284943	-0.34368687033737	-0.142561558093921	-0.191780500033345	0.221299331286927	-0.103650081401257	-0.192278363051995	-0.196904791826357	0.0276004567570427	0.0685035661062489	-0.0223863901219936	0.00848420662406561	0.0258762190098263	-0.0634220326432198	0.0274933615958905	-0.0582238883406525	0.0864717861040536	0.0677564956388579	-0.127676592314728	-0.0134037553504561	-0.258644289614708	-0.00642536730059201	0.00696338297607964	0.0818835282972558	-0.0133286684451923	-0.0407127558176284	-0.0973749904035707	0.00803755069280689
"Corynebacteriales"	0.0876920036876092	0.160021061520539	0.132047203730193	1	0.159057758265205	0.132149075773606	-0.00149799878310483	0.247697801958006	0.10768790292717	0.0745466699436697	0.134306225714167	0.0560123775902993	-0.0831016417079912	0.0481631007424523	0.114156083680157	0.225701685171318	-0.198643950513069	0.0426154859128116	0.0441131216776819	0.449037952494536	-0.0331892391692717	-0.192338718637391	-0.146131626219058	0.0264355372982698	0.0969527576747628	0.105846312345317	0.0907209268459186	-0.0956578776534624	-0.0816391347789256	0.0491473747641369	0.304066944058905	0.402444681967956	-0.0383723960954837	-0.0383723960954837	0.0620805552607734	0.0579373151477307	0.399373309350949	-0.171182893731469	0.226031438915243	0.399914024714733	-0.00324006758320829	-0.0383723960954837	0.024312153756812
"Micrococcales"	0.0227162526158188	0.357226557916032	0.0393712037431325	0.159057758265205	1	0.131084399459694	-0.0482501077180522	0.310540749394298	-0.0874654634959196	0.211012996891926	0.211836534891379	0.295134934871162	-0.0590274381033263	0.326199442905631	-0.102204088769627	0.0517505614908971	-0.101663561541375	-0.087268551477009	0.117775949277495	0.0807471414753149	-0.00464888202951776	0.0238134001397344	-0.215537218899114	-0.00392028286411243	0.247342505891009	0.0409604297723129	-0.0257877667212391	0.088690107179127	0.142261341017376	0.324005116781776	0.297375926171996	0.369992135610084	-0.0547081628093147	0.0719387203524321	0.0912976016547838	0.0710289087845111	0.37326121956686	0.161683601315646	0.421421463557567	0.399980191496869	-0.0714126763862675	-0.0547081628093147	-0.130881898372431
"Coriobacteriales"	0.159680348713714	0.108972726233949	0.355000361120478	0.132149075773606	0.131084399459694	1	-0.0170988794428721	0.218295966743153	0.178302000392191	0.0936298979636086	0.28134211117239	0.12994556855982	0.013713426841893	0.105250122534217	0.346256820962673	0.161730553273425	-0.0574845050701327	0.00488873579937685	-0.0121731756233609	0.415638283137708	0.167772183720651	0.0671861073392901	0.00742811439424661	0.21296758327676	0.285594275884897	0.0883934863821932	0.132252827848121	-0.152524582225141	-0.0312538946536608	0.188248778046677	0.175532163407235	0.212682276920807	0.143196442276444	-0.0540643574250456	-0.0579337640037174	-0.195891121953355	0.239098527961823	-0.0151792172382408	0.125645389278747	0.237507562204498	0.121210805732643	0.0269226323387176	0.0991698538760041
"Bacteroidales"	0.0506796770638082	-0.0957726536256465	-0.104790568353814	-0.00149799878310483	-0.0482501077180522	-0.0170988794428721	1	0.00192763922978644	0.295998880099959	-0.0625704914329791	-0.0906610174562687	-0.117471437328808	0.136113583588234	-0.184855910917075	0.235896466231855	0.0889951877220543	0.151263881042846	0.104981733879358	-0.00182901972942948	-0.0588111431070955	0.242769088051782	0.076005116451803	0.237870068774598	0.0210694476623436	-0.0436621578615482	0.0936016315011742	0.316336755762619	0.335168561982492	0.0452846028760943	-0.0633312366045089	0.00598886322587374	-0.0377653144798195	0.00699885705752311	0.00399566425015131	0.284285086904271	-0.159590748064244	-0.0711496261876611	-0.0758339440191244	0.0248878486619179	0.0428716187417687	0.109606520066707	0.0838187245765613	-0.141269993620427
"Campylobacterales"	0.000840710683774726	0.258981499457755	0.0813120662248839	0.247697801958006	0.310540749394298	0.218295966743153	0.00192763922978644	1	-0.0525213602035071	0.603648441134254	0.16400957741554	0.0595995659105565	-0.0449157545073552	0.17368889306542	0.0547517175660531	0.304959848842702	-0.107365423019775	-0.0330836678080064	0.0851959488256802	0.182250606193461	0.0353856646251982	-0.0205603106225439	-0.0690999212617168	0.0551083623315002	0.17899616174674	0.217960567311167	-0.0604851893511115	-0.0374627697455163	-0.071132781246376	0.146809279666938	0.361774459361429	0.370143279906392	0.267840675873862	-0.0207399647884213	0.153472893218413	0.0287528382342497	0.321130907351567	-0.0055090750223393	0.772448551398702	0.383826457447962	0.0039975490498658	0.264485087028951	0.0364293342652587
"Desulfovibrionales"	0.212245751658994	-0.0645498699823027	-0.093402746657228	0.10768790292717	-0.0874654634959196	0.178302000392191	0.295998880099959	-0.0525213602035071	1	-0.00180597221433692	-0.0422127135266325	-0.0869126592929799	0.144451133935201	-0.0222765100614361	0.423954651931601	0.0900543683158167	0.195013717486594	0.216900180265409	0.0550225661300753	0.0717039894750832	0.176028577277907	0.0414726370427811	0.290583556955542	0.0975084553410731	0.102701625113549	0.153683172576115	0.343199197627639	0.110784311802751	0.0591473772237857	0.0710767557579906	0.0186927099323359	0.0179014686531395	-0.0118843545459325	0.0973480182772526	0.0789430780172654	-0.0443563607539898	-0.0402138402596229	-0.0564712045958833	-0.0524400403162349	0.0628812121698634	0.348169006542546	0.134357014984049	0.0267834129237302
"Entomoplasmatales"	-0.0695342755197079	0.156182695765794	0.0479737105057055	0.0745466699436697	0.211012996891926	0.0936298979636086	-0.0625704914329791	0.603648441134254	-0.00180597221433692	1	0.111183864133995	0.0400966091734016	-0.0364576406432822	0.127435588894995	0.0365991562715017	-0.0295037776583339	-0.00269377844580831	-0.0268536616012653	0.132592601618188	0.00627044690648294	-0.0199466289804834	0.0888212254778417	0.0152808044625303	-0.0479192622636803	0.116131196922751	-0.0206785258085596	-0.0666078167475462	0.00847293959461279	-0.0577377226561541	0.0601201452539076	0.210297976856566	0.200333021644126	-0.0168344090287244	-0.0168344090287244	0.176171884965907	-0.0283158817719183	0.236516104792813	0.0296247319597159	0.550233550940894	0.287744679060309	0.0394932566478992	-0.0168344090287244	0.0145879427120822
"Erysipelotrichales"	-0.00606351692265044	0.174064835160597	0.141824346625859	0.134306225714167	0.211836534891379	0.28134211117239	-0.0906610174562687	0.16400957741554	-0.0422127135266325	0.111183864133995	1	0.0797810415072738	-0.101101768219992	0.239325017405829	0.223518492752258	0.0516981800814939	-0.0338979788542213	-0.0148811733124286	0.208797641273276	0.19620387950556	0.268143445849057	0.211319332734612	0.0578310016854093	0.116882168219875	0.416389871700886	0.00381550213536101	0.027349662979478	-0.0866740119337702	-0.0500825450777485	0.187592729623222	0.166155052610857	0.292243361037545	0.0965887727444552	-0.045845511696294	-0.126936616010657	-8.28080327373136e-05	0.256225806598422	0.154831382387558	0.135905052558772	0.241590153054442	-0.033612628186242	-0.0611445340138371	0.0648418462073966
"Lactobacillales"	-0.0116581903649341	0.400907692401232	0.204082088970905	0.0560123775902993	0.295134934871162	0.12994556855982	-0.117471437328808	0.0595995659105565	-0.0869126592929799	0.0400966091734016	0.0797810415072738	1	-0.0944299828689506	0.338653765988993	-0.0642665009340715	-0.0352295639789719	-0.074142691040525	-0.00552743259292844	-0.0267829723082864	0.0959386970948987	-0.234333869458462	-0.186379207036921	-0.330117085398175	0.0206039535797386	0.124186653411678	-0.0380719332708308	-0.1039168130812	0.148969560132618	0.107074496762461	0.301571684951495	0.037101035870665	0.190486566326484	0.0499141756057615	-0.062856797586181	-0.0923392107943216	-0.00564032873018708	0.262615903422383	0.394586618730117	0.0697825189913752	0.111647901880811	0.00783324848918448	0.0847587047024488	-0.0933640817519904
"RF39"	0.245536489930959	-0.0558276201295698	-0.121177285366118	-0.0831016417079912	-0.0590274381033263	0.013713426841893	0.136113583588234	-0.0449157545073552	0.144451133935201	-0.0364576406432822	-0.101101768219992	-0.0944299828689506	1	-0.114330049843278	0.297799372828543	-0.0449157545073552	0.257829390928432	0.110854968693796	0.0519269383373175	-0.140615194823215	0.0641932735530017	0.103370850071667	0.144583719461913	0.0969930590607321	0.00906831870483002	-0.0314804293723695	-0.00961673140065637	-0.0887817941211157	-0.0138977248304398	0.0162217414844513	-0.0806405678268071	0.0161559973254496	-0.0256282497776012	-0.0256282497776012	-0.131871033685688	0.0258975824795296	0.0223661549415857	-0.0626995205118432	-0.0486584262209669	-0.0737958450020854	0.0948323994037702	-0.0256282497776012	-0.00441770085930065
"Staphylococcales"	-0.100925169520638	0.570219266616562	-0.0839709239228561	0.0481631007424523	0.326199442905631	0.105250122534217	-0.184855910917075	0.17368889306542	-0.0222765100614361	0.127435588894995	0.239325017405829	0.338653765988993	-0.114330049843278	1	-0.176997428062709	-0.00658028405446084	-0.0502036470043575	-0.084212264292887	0.255716912462152	0.0801576878207664	-0.0344433334902553	0.0294712462394001	-0.2415789555771	-0.0385230236005497	0.451547467172799	-0.0648472266625889	-0.147874406809583	0.0164235369208139	0.12474593774138	0.549147663991274	0.0642022062569121	0.138925238862525	0.0960512939526468	-0.0527921936081412	0.0385150005824575	0.23837938867232	0.198776083903762	0.325102250911216	0.0700214542775154	0.184440069995953	-0.0105844899231682	0.0943205557251958	-0.0492529801109828
"Christensenellales"	0.39549081213184	-0.113450850691453	-0.0577136661225368	0.114156083680157	-0.102204088769627	0.346256820962673	0.235896466231855	0.0547517175660531	0.423954651931601	0.0365991562715017	0.223518492752258	-0.0642665009340715	0.297799372828543	-0.176997428062709	1	0.233722018371459	0.339254799741996	0.244683818303831	0.04749307356517	0.28203350093646	0.273939301707608	0.138331941725531	0.358864194282104	0.34495522619591	0.251969423901762	0.191908839170839	0.390422200568077	-0.0236871552294261	-0.0485438782882618	-0.0292808477775036	0.124172036383025	0.145887702184026	0.167565478216755	-0.0225331264446507	-0.14058264117964	-0.258539126375609	0.180911612914815	-0.0675960878411647	-0.0355523771318375	0.0788969902025657	0.328013574819915	0.186614778227431	0.224314686277969
"Clostridia"	0.282559405841273	0.0226137509113518	0.0431520929284943	0.225701685171318	0.0517505614908971	0.161730553273425	0.0889951877220543	0.304959848842702	0.0900543683158167	-0.0295037776583339	0.0516981800814939	-0.0352295639789719	-0.0449157545073552	-0.00658028405446084	0.233722018371459	1	0.0652683704962873	0.161045877680611	-0.0394420721206379	0.178923281266925	0.0413560544225987	-0.0537097396784629	0.030928576655386	0.166544943546179	0.0872580876827902	0.217960567311167	0.124561074324104	-0.162167399007315	-0.071132781246376	-0.016805965885326	0.143875843791365	0.248367980853978	0.274794426251266	-0.0207399647884213	0.0585636070988449	-0.0681440007484143	0.270968542205459	-0.0925229474733949	0.127540693913069	0.264633995574592	0.0833613529612224	0.271357979843828	0.175605289005326
"Clostridia_UCG_014"	0.0967720493329983	-0.137094421944624	-0.34368687033737	-0.198643950513069	-0.101663561541375	-0.0574845050701327	0.151263881042846	-0.107365423019775	0.195013717486594	-0.00269377844580831	-0.0338979788542213	-0.074142691040525	0.257829390928432	-0.0502036470043575	0.339254799741996	0.0652683704962873	1	0.237280211603806	0.291266724818149	-0.273918546129633	0.33212934219588	0.261300127305407	0.382089799375369	0.172881210422156	0.192989907814809	0.107709522648826	0.12484154059754	0.0524076334834343	-0.0505694689074634	0.0811411990241902	-0.146120032586422	-0.103222944899439	-0.0612610855324273	-0.0612610855324273	-0.0633870296597805	-0.145370649215521	0.0391632039093886	0.13813209798213	-0.116311805779309	-0.0645810139458534	-0.0223893472401544	0.0619775894567831	-0.0158415678574931
"Clostridia_vadinBB60_group"	0.295052077492157	-0.0678527121526503	-0.142561558093921	0.0426154859128116	-0.087268551477009	0.00488873579937685	0.104981733879358	-0.0330836678080064	0.216900180265409	-0.0268536616012653	-0.0148811733124286	-0.00552743259292844	0.110854968693796	-0.084212264292887	0.244683818303831	0.161045877680611	0.237280211603806	1	0.0275125413924494	-0.0164958617246625	-0.0547166407971567	-0.0775650242725514	-0.00202699909174919	-0.0537336260019071	-0.104646486232138	0.511745123456622	0.103966300314905	-0.0423450360178199	0.127911085460413	-0.0866150259577217	-0.0593975496369368	0.00477685107643401	-0.0188770401709255	-0.0188770401709255	-0.0845535435098168	0.110823387846006	0.0194066796874763	-0.084212264292887	-0.0358404133874952	-0.102116409955878	0.21365096343976	0.313403023656476	0.10559959329276
"Clostridiales"	0.00679825107611228	0.156351747993906	-0.191780500033345	0.0441131216776819	0.117775949277495	-0.0121731756233609	-0.00182901972942948	0.0851959488256802	0.0550225661300753	0.132592601618188	0.208797641273276	-0.0267829723082864	0.0519269383373175	0.255716912462152	0.04749307356517	-0.0394420721206379	0.291266724818149	0.0275125413924494	1	-0.180345471358228	0.203014422906854	0.164548303651378	0.0404005823697524	-0.0594298798772345	0.417196721579296	0.0600369031040482	-0.0482039806050446	0.12629301483443	0.0259884882328229	0.252635355957694	0.000788954596763269	0.106909883837007	-0.129001689857766	-0.0448045533551253	-0.0434643612497756	0.0745307974688582	0.197114909407049	0.282119807605102	0.117428440615003	0.124567054944829	-0.0831329106582907	-0.0833049814138707	-0.163153441086922
"Eubacteriales"	0.170798699965126	0.163748354873914	0.221299331286927	0.449037952494536	0.0807471414753149	0.415638283137708	-0.0588111431070955	0.182250606193461	0.0717039894750832	0.00627044690648294	0.19620387950556	0.0959386970948987	-0.140615194823215	0.0801576878207664	0.28203350093646	0.178923281266925	-0.273918546129633	-0.0164958617246625	-0.180345471358228	1	-0.16308315782725	-0.266588740179366	-0.245869857559034	0.112165172709579	0.188905662295219	0.0439235843551037	0.227926950863153	-0.151579537276587	0.0510076509048642	0.0653105495138312	0.262356243273181	0.262144839057666	0.16096158408151	-0.0649294266864185	-0.0480246737845425	-0.0389801078675295	0.24648334769049	-0.19026989539347	0.0948877488545436	0.250675192928748	0.187118005925615	0.0515407246669205	0.214877069644509
"Lachnospirales"	-0.0408784368586911	-0.184285232132591	-0.103650081401257	-0.0331892391692717	-0.00464888202951776	0.167772183720651	0.242769088051782	0.0353856646251982	0.176028577277907	-0.0199466289804834	0.268143445849057	-0.234333869458462	0.0641932735530017	-0.0344433334902553	0.273939301707608	0.0413560544225987	0.33212934219588	-0.0547166407971567	0.203014422906854	-0.16308315782725	1	0.405209130934505	0.472452888150758	0.0801019478081436	0.156886417638148	-0.00347741770908818	0.256863313350818	0.133894449788557	0.0283939250961595	0.106951544472102	-0.011394937605023	0.018298078688489	0.00502615189762257	-0.0993502691763394	0.0418842289910361	-0.281185312475947	0.0218267689047437	0.0929186013338026	-0.018054372493996	0.0329477952079457	-0.084973983762632	0.0237389020395404	-0.171256712268372
"Monoglobales"	-0.0228997162760357	-0.0305872577069643	-0.192278363051995	-0.192338718637391	0.0238134001397344	0.0671861073392901	0.076005116451803	-0.0205603106225439	0.0414726370427811	0.0888212254778417	0.211319332734612	-0.186379207036921	0.103370850071667	0.0294712462394001	0.138331941725531	-0.0537097396784629	0.261300127305407	-0.0775650242725514	0.164548303651378	-0.266588740179366	0.405209130934505	1	0.476204257916397	0.0315038116894255	0.0735192486748348	-0.122598622283517	0.0324501976949326	0.105351048730624	0.0450237139586985	0.136722245821485	0.00247465700554525	-0.0325989777429971	0.0899371049046513	-0.0121621730483752	0.0894621693976625	-0.112402738532178	-0.00277072353436052	0.199143967419686	-0.0736156292918743	-0.0534655281536349	-0.0404679033279826	-0.00354238049952675	-0.114856770995276
"Oscillospirales"	-0.00419614309200574	-0.342855561705356	-0.196904791826357	-0.146131626219058	-0.215537218899114	0.00742811439424661	0.237870068774598	-0.0690999212617168	0.290583556955542	0.0152808044625303	0.0578310016854093	-0.330117085398175	0.144583719461913	-0.2415789555771	0.358864194282104	0.030928576655386	0.382089799375369	-0.00202699909174919	0.0404005823697524	-0.245869857559034	0.472452888150758	0.476204257916397	1	0.116894110444412	-0.00983105280571948	-0.016337003379874	0.224666679123355	0.0569838438017896	-0.0724350287812626	-0.0925254219730445	-0.0502386533396626	-0.157959461178288	-0.0295254205062905	0.086540025621886	0.0663374568718084	-0.374917349969369	-0.0895037264475382	0.0372674429281766	-0.0875418595817299	-0.130373621579642	-0.0165300716455298	-0.00448487400095552	-0.0676537681830437
"Peptococcales"	0.0369946204235939	-0.0246508843502839	0.0276004567570427	0.0264355372982698	-0.00392028286411243	0.21296758327676	0.0210694476623436	0.0551083623315002	0.0975084553410731	-0.0479192622636803	0.116882168219875	0.0206039535797386	0.0969930590607321	-0.0385230236005497	0.34495522619591	0.166544943546179	0.172881210422156	-0.0537336260019071	-0.0594298798772345	0.112165172709579	0.0801019478081436	0.0315038116894255	0.116894110444412	1	0.159322327305204	0.117695448047695	0.14612891191019	-0.0532887680767378	-0.0530291123030086	-0.0103282182176189	0.044435582689567	0.0725569338101155	0.170593426772467	-0.0336853071340552	-0.0985823795474041	-0.104416846503385	0.0400441762731785	0.0410013931542787	0.0451163228651408	0.0602151438574186	0.145213313918894	-0.0336853071340552	0.131663744588165
"Peptostreptococcales_Tissierellales"	-0.0385223937480337	0.370135730688779	0.0685035661062489	0.0969527576747628	0.247342505891009	0.285594275884897	-0.0436621578615482	0.17899616174674	0.102701625113549	0.116131196922751	0.416389871700886	0.124186653411678	0.00906831870483002	0.451547467172799	0.251969423901762	0.0872580876827902	0.192989907814809	-0.104646486232138	0.417196721579296	0.188905662295219	0.156886417638148	0.0735192486748348	-0.00983105280571948	0.159322327305204	1	0.00383123063294083	0.0282224404517092	-0.0381291761307813	-0.00904080037063675	0.404352817636288	0.10277786603409	0.259955152319441	0.12344572767219	-0.120455603552337	-0.106956094979817	-0.00687648136867383	0.267687456766483	0.224254427697562	0.18193711945796	0.211994861704146	-0.0932048575816045	0.0358299355740955	0.0684508383073468
"DTU014"	0.0552266530324113	0.024226948274924	-0.0223863901219936	0.105846312345317	0.0409604297723129	0.0883934863821932	0.0936016315011742	0.217960567311167	0.153683172576115	-0.0206785258085596	0.00381550213536101	-0.0380719332708308	-0.0314804293723695	-0.0648472266625889	0.191908839170839	0.217960567311167	0.107709522648826	0.511745123456622	0.0600369031040482	0.0439235843551037	-0.00347741770908818	-0.122598622283517	-0.016337003379874	0.117695448047695	0.00383123063294083	1	0.128183630720801	-0.0578571123220451	-0.0498553463177392	-0.0344306855216301	0.108417852680777	0.034353673342693	-0.0145361689649544	-0.0145361689649544	-0.0329378436964953	0.0570583506121577	0.00294607631640539	-0.0648472266625889	0.20501912529696	0.0407733008926234	0.0723893025866224	0.40704106663074	0.0407568667469003
"Acidaminococcales"	0.160525448329433	-0.132110328433094	0.00848420662406561	0.0907209268459186	-0.0257877667212391	0.132252827848121	0.316336755762619	-0.0604851893511115	0.343199197627639	-0.0666078167475462	0.027349662979478	-0.1039168130812	-0.00961673140065637	-0.147874406809583	0.390422200568077	0.124561074324104	0.12484154059754	0.103966300314905	-0.0482039806050446	0.227926950863153	0.256863313350818	0.0324501976949326	0.224666679123355	0.14612891191019	0.0282224404517092	0.128183630720801	1	-0.0597822814325758	0.0625073936809428	-0.0597606026218854	0.0783684429692298	0.0913665138998514	0.0307856289765008	0.088881090109575	0.0983763907559528	-0.144078145128653	0.00226973413322846	-0.117974785920996	-0.0463547920287319	0.125258166214431	0.222974529894599	0.0784939598446179	-0.0656468875594397
"Veillonellales_Selenomonadales"	-0.0873205106229499	0.0168325541036907	0.0258762190098263	-0.0956578776534624	0.088690107179127	-0.152524582225141	0.335168561982492	-0.0374627697455163	0.110784311802751	0.00847293959461279	-0.0866740119337702	0.148969560132618	-0.0887817941211157	0.0164235369208139	-0.0236871552294261	-0.162167399007315	0.0524076334834343	-0.0423450360178199	0.12629301483443	-0.151579537276587	0.133894449788557	0.105351048730624	0.0569838438017896	-0.0532887680767378	-0.0381291761307813	-0.0578571123220451	-0.0597822814325758	1	0.220659793835344	0.0609158728085926	-0.00618604508613209	-0.0711963364837006	-0.0469377029440493	0.0724695369510907	0.317590752772911	-0.134768070610137	0.0121566193122774	0.197568522392254	0.0216100935160342	-0.000191244564115613	0.0153051058199353	-0.0103472478245355	-0.167505446264582
"Fusobacteriales"	0.114971833998637	0.081165485801575	-0.0634220326432198	-0.0816391347789256	0.142261341017376	-0.0312538946536608	0.0452846028760943	-0.071132781246376	0.0591473772237857	-0.0577377226561541	-0.0500825450777485	0.107074496762461	-0.0138977248304398	0.12474593774138	-0.0485438782882618	-0.071132781246376	-0.0505694689074634	0.127911085460413	0.0259884882328229	0.0510076509048642	0.0283939250961595	0.0450237139586985	-0.0724350287812626	-0.0530291123030086	-0.00904080037063675	-0.0498553463177392	0.0625073936809428	0.220659793835344	1	0.0614709662454171	-0.0663385100830086	-0.0332066703611041	-0.0405872884726686	0.121739260411895	0.0444616106382515	0.00433803486250666	-0.0589970393080761	0.107078536853335	0.00220723309733466	-0.10313352544379	-0.0115239852250285	-0.0405872884726686	-0.112184439959317
"Saccharimonadales"	0.00731310168202114	0.513912663971554	0.0274933615958905	0.0491473747641369	0.324005116781776	0.188248778046677	-0.0633312366045089	0.146809279666938	0.0710767557579906	0.0601201452539076	0.187592729623222	0.301571684951495	0.0162217414844513	0.549147663991274	-0.0292808477775036	-0.016805965885326	0.0811411990241902	-0.0866150259577217	0.252635355957694	0.0653105495138312	0.106951544472102	0.136722245821485	-0.0925254219730445	-0.0103282182176189	0.404352817636288	-0.0344306855216301	-0.0597606026218854	0.0609158728085926	0.0614709662454171	1	0.169539135890165	0.196532536902136	0.057723402893832	0.0154324407135351	0.0816353446221242	0.112061424065314	0.306637295170325	0.341187517549526	0.108378964106706	0.230331454647512	0.0894675526504461	0.0560456492642443	-0.0961720634875214
"Caulobacterales"	0.0928481564009658	0.233273261388317	-0.0582238883406525	0.304066944058905	0.297375926171996	0.175532163407235	0.00598886322587374	0.361774459361429	0.0186927099323359	0.210297976856566	0.166155052610857	0.037101035870665	-0.0806405678268071	0.0642022062569121	0.124172036383025	0.143875843791365	-0.146120032586422	-0.0593975496369368	0.000788954596763269	0.262356243273181	-0.011394937605023	0.00247465700554525	-0.0502386533396626	0.044435582689567	0.10277786603409	0.108417852680777	0.0783684429692298	-0.00618604508613209	-0.0663385100830086	0.169539135890165	1	0.5737227102156	0.133386619184799	0.341366190835903	0.159892024615736	-0.0183428066390129	0.540292519005272	-0.109240892902064	0.328712617390255	0.608472990440433	0.0573386688359931	0.131402635369607	0.0635571258138232
"Rhizobiales"	0.161746110745071	0.279978115518552	0.0864717861040536	0.402444681967956	0.369992135610084	0.212682276920807	-0.0377653144798195	0.370143279906392	0.0179014686531395	0.200333021644126	0.292243361037545	0.190486566326484	0.0161559973254496	0.138925238862525	0.145887702184026	0.248367980853978	-0.103222944899439	0.00477685107643401	0.106909883837007	0.262144839057666	0.018298078688489	-0.0325989777429971	-0.157959461178288	0.0725569338101155	0.259955152319441	0.034353673342693	0.0913665138998514	-0.0711963364837006	-0.0332066703611041	0.196532536902136	0.5737227102156	1	0.0725536961806846	0.22196619442363	0.054966241341346	-0.0140345707684627	0.699744179974138	0.00942301208936779	0.320915312150625	0.658103999659623	0.00780649161020419	0.0708917986896349	0.150108318381772
"Rhodospirillales"	0.104550901722993	0.0489769820971867	0.0677564956388579	-0.0383723960954837	-0.0547081628093147	0.143196442276444	0.00699885705752311	0.267840675873862	-0.0118843545459325	-0.0168344090287244	0.0965887727444552	0.0499141756057615	-0.0256282497776012	0.0960512939526468	0.167565478216755	0.274794426251266	-0.0612610855324273	-0.0188770401709255	-0.129001689857766	0.16096158408151	0.00502615189762257	0.0899371049046513	-0.0295254205062905	0.170593426772467	0.12344572767219	-0.0145361689649544	0.0307856289765008	-0.0469377029440493	-0.0405872884726686	0.057723402893832	0.133386619184799	0.0725536961806846	1	-0.0118339100346021	0.0510567791537434	-0.0249890861900463	0.0361373523332002	-0.0527921936081412	-0.0224681530467799	0.0812202957568567	0.105921620241725	0.494048442906574	0.155487002956876
"Sphingomonadales"	0.0809833325686918	-0.00536332179930796	-0.127676592314728	-0.0383723960954837	0.0719387203524321	-0.0540643574250456	0.00399566425015131	-0.0207399647884213	0.0973480182772526	-0.0168344090287244	-0.045845511696294	-0.062856797586181	-0.0256282497776012	-0.0527921936081412	-0.0225331264446507	-0.0207399647884213	-0.0612610855324273	-0.0188770401709255	-0.0448045533551253	-0.0649294266864185	-0.0993502691763394	-0.0121621730483752	0.086540025621886	-0.0336853071340552	-0.120455603552337	-0.0145361689649544	0.088881090109575	0.0724695369510907	0.121739260411895	0.0154324407135351	0.341366190835903	0.22196619442363	-0.0118339100346021	1	0.126634925318268	0.0546434891417206	0.196683132842409	-0.0527921936081412	-0.0224681530467799	0.234751029977157	0.10587085746005	-0.0118339100346021	-0.0752213013109482
"Burkholderiales"	-0.0696424333324731	0.108365982770511	-0.0134037553504561	0.0620805552607734	0.0912976016547838	-0.0579337640037174	0.284285086904271	0.153472893218413	0.0789430780172654	0.176171884965907	-0.126936616010657	-0.0923392107943216	-0.131871033685688	0.0385150005824575	-0.14058264117964	0.0585636070988449	-0.0633870296597805	-0.0845535435098168	-0.0434643612497756	-0.0480246737845425	0.0418842289910361	0.0894621693976625	0.0663374568718084	-0.0985823795474041	-0.106956094979817	-0.0329378436964953	0.0983763907559528	0.317590752772911	0.0444616106382515	0.0816353446221242	0.159892024615736	0.054966241341346	0.0510567791537434	0.126634925318268	1	-0.0534690423679765	0.0203693175925811	-0.0407487911219147	0.16538535050655	0.192145919619979	-0.0438869053533633	0.0494984668616913	-0.131150542471911
"Enterobacterales"	-0.0428334871189527	0.202741100844356	-0.258644289614708	0.0579373151477307	0.0710289087845111	-0.195891121953355	-0.159590748064244	0.0287528382342497	-0.0443563607539898	-0.0283158817719183	-8.28080327373136e-05	-0.00564032873018708	0.0258975824795296	0.23837938867232	-0.258539126375609	-0.0681440007484143	-0.145370649215521	0.110823387846006	0.0745307974688582	-0.0389801078675295	-0.281185312475947	-0.112402738532178	-0.374917349969369	-0.104416846503385	-0.00687648136867383	0.0570583506121577	-0.144078145128653	-0.134768070610137	0.00433803486250666	0.112061424065314	-0.0183428066390129	-0.0140345707684627	-0.0249890861900463	0.0546434891417206	-0.0534690423679765	1	-0.0391252085363529	-0.173989113242648	0.0349029154572025	0.0538279396119975	0.0561888330965696	0.0696188981942393	-0.0358504212450059
"Oceanospirillales"	0.241334575303998	0.350135388825122	-0.00642536730059201	0.399373309350949	0.37326121956686	0.239098527961823	-0.0711496261876611	0.321130907351567	-0.0402138402596229	0.236516104792813	0.256225806598422	0.262615903422383	0.0223661549415857	0.198776083903762	0.180911612914815	0.270968542205459	0.0391632039093886	0.0194066796874763	0.197114909407049	0.24648334769049	0.0218267689047437	-0.00277072353436052	-0.0895037264475382	0.0400441762731785	0.267687456766483	0.00294607631640539	0.00226973413322846	0.0121566193122774	-0.0589970393080761	0.306637295170325	0.540292519005272	0.699744179974138	0.0361373523332002	0.196683132842409	0.0203693175925811	-0.0391252085363529	1	0.0645790952508698	0.306830514971269	0.691833676109399	0.0399027877824242	0.034615558144125	0.0693469042323597
"Pasteurellales"	-0.141386112887518	0.215960946565753	0.00696338297607964	-0.171182893731469	0.161683601315646	-0.0151792172382408	-0.0758339440191244	-0.0055090750223393	-0.0564712045958833	0.0296247319597159	0.154831382387558	0.394586618730117	-0.0626995205118432	0.325102250911216	-0.0675960878411647	-0.0925229474733949	0.13813209798213	-0.084212264292887	0.282119807605102	-0.19026989539347	0.0929186013338026	0.199143967419686	0.0372674429281766	0.0410013931542787	0.224254427697562	-0.0648472266625889	-0.117974785920996	0.197568522392254	0.107078536853335	0.341187517549526	-0.109240892902064	0.00942301208936779	-0.0527921936081412	-0.0527921936081412	-0.0407487911219147	-0.173989113242648	0.0645790952508698	1	-0.0189701174915276	-0.130201524525103	-0.164644266099988	-0.0527921936081412	-0.202898015859074
"Vibrionales"	-0.0928043711963993	0.281896525917551	0.0818835282972558	0.226031438915243	0.421421463557567	0.125645389278747	0.0248878486619179	0.772448551398702	-0.0524400403162349	0.550233550940894	0.135905052558772	0.0697825189913752	-0.0486584262209669	0.0700214542775154	-0.0355523771318375	0.127540693913069	-0.116311805779309	-0.0358404133874952	0.117428440615003	0.0948877488545436	-0.018054372493996	-0.0736156292918743	-0.0875418595817299	0.0451163228651408	0.18193711945796	0.20501912529696	-0.0463547920287319	0.0216100935160342	0.00220723309733466	0.108378964106706	0.328712617390255	0.320915312150625	-0.0224681530467799	-0.0224681530467799	0.16538535050655	0.0349029154572025	0.306830514971269	-0.0189701174915276	1	0.390398926433786	-0.0889968003021405	-0.0224681530467799	0.0136766316456511
"Xanthomonadales"	0.108756707335094	0.313245704427859	-0.0133286684451923	0.399914024714733	0.399980191496869	0.237507562204498	0.0428716187417687	0.383826457447962	0.0628812121698634	0.287744679060309	0.241590153054442	0.111647901880811	-0.0737958450020854	0.184440069995953	0.0788969902025657	0.264633995574592	-0.0645810139458534	-0.102116409955878	0.124567054944829	0.250675192928748	0.0329477952079457	-0.0534655281536349	-0.130373621579642	0.0602151438574186	0.211994861704146	0.0407733008926234	0.125258166214431	-0.000191244564115613	-0.10313352544379	0.230331454647512	0.608472990440433	0.658103999659623	0.0812202957568567	0.234751029977157	0.192145919619979	0.0538279396119975	0.691833676109399	-0.130201524525103	0.390398926433786	1	0.0216741981579393	0.0795314992764058	0.0671722834138376
"Synergistales"	0.32495996417291	-0.0238585073869504	-0.0407127558176284	-0.00324006758320829	-0.0714126763862675	0.121210805732643	0.109606520066707	0.0039975490498658	0.348169006542546	0.0394932566478992	-0.033612628186242	0.00783324848918448	0.0948323994037702	-0.0105844899231682	0.328013574819915	0.0833613529612224	-0.0223893472401544	0.21365096343976	-0.0831329106582907	0.187118005925615	-0.084973983762632	-0.0404679033279826	-0.0165300716455298	0.145213313918894	-0.0932048575816045	0.0723893025866224	0.222974529894599	0.0153051058199353	-0.0115239852250285	0.0894675526504461	0.0573386688359931	0.00780649161020419	0.105921620241725	0.10587085746005	-0.0438869053533633	0.0561888330965696	0.0399027877824242	-0.164644266099988	-0.0889968003021405	0.0216741981579393	1	0.104144922883122	0.159522532716218
"Victivallales"	0.102766823924194	0.0474951105761998	-0.0973749904035707	-0.0383723960954837	-0.0547081628093147	0.0269226323387176	0.0838187245765613	0.264485087028951	0.134357014984049	-0.0168344090287244	-0.0611445340138371	0.0847587047024488	-0.0256282497776012	0.0943205557251958	0.186614778227431	0.271357979843828	0.0619775894567831	0.313403023656476	-0.0833049814138707	0.0515407246669205	0.0237389020395404	-0.00354238049952675	-0.00448487400095552	-0.0336853071340552	0.0358299355740955	0.40704106663074	0.0784939598446179	-0.0103472478245355	-0.0405872884726686	0.0560456492642443	0.131402635369607	0.0708917986896349	0.494048442906574	-0.0118339100346021	0.0494984668616913	0.0696188981942393	0.034615558144125	-0.0527921936081412	-0.0224681530467799	0.0795314992764058	0.104144922883122	1	0.148650513029206
"Verrucomicrobiales"	0.0742687334330677	-0.0449458089915441	0.00803755069280689	0.024312153756812	-0.130881898372431	0.0991698538760041	-0.141269993620427	0.0364293342652587	0.0267834129237302	0.0145879427120822	0.0648418462073966	-0.0933640817519904	-0.00441770085930065	-0.0492529801109828	0.224314686277969	0.175605289005326	-0.0158415678574931	0.10559959329276	-0.163153441086922	0.214877069644509	-0.171256712268372	-0.114856770995276	-0.0676537681830437	0.131663744588165	0.0684508383073468	0.0407568667469003	-0.0656468875594397	-0.167505446264582	-0.112184439959317	-0.0961720634875214	0.0635571258138232	0.150108318381772	0.155487002956876	-0.0752213013109482	-0.131150542471911	-0.0358504212450059	0.0693469042323597	-0.202898015859074	0.0136766316456511	0.0671722834138376	0.159522532716218	0.148650513029206	1
