""	"Bifidobacterium_longum"	"Bifidobacterium_dentium"	"Bacteroides_dorei"	"Bifidobacterium_breve"	"Bacteroides_vulgatus"	"Bacteroides_fragilis"	"Streptococcus_salivarius"	"coprostanoligenes_group_human_gut"	"Ruminococcus_bicirculans"	"Parabacteroides_merdae"	"Bacteroides_stercoris"	"human_gut"	"Acidaminococcus_sp."	"Lactobacillus_mucosae"	"Bacteroides_plebeius"	"Massiliprevotella_massiliensis"	"Dorea_formicigenerans"	"Megasphaera_hexanoica"	"scindens"	"Bifidobacterium_bifidum"	"Collinsella_tanakaei"	"Bacteroides_massiliensis"	"Eubacterium_ramulus"	"Schaalia_odontolytica"	"Bacteroides_coprocola"	"Prevotella_copri"	"Veillonella_magna"	"Anaeroglobus_geminatus"	"siraeum"	"Ruminococcus_callidus"	"Alistipes_shahii"	"Bacteroides_intestinalis"	"Alistipes_sp."	"leptum"	"Bacteroides_eggerthii"	"Streptococcus_anginosus"	"Bacteroides_cellulosilyticus"	"Mordavella_sp."	"Parabacteroides_goldsteinii"	"Odoribacter_splanchnicus"	"Alistipes_indistinctus"	"Prevotella_stercorea"	"Anaerotignum_lactatifermentans"	"Gordonibacter_pamelaeae"	"Streptococcus_parasanguinis"	"aldenense"	"Lachnoclostridium_phocaeense"	"Desulfovibrio_fairfieldensis"	"massiliensis"	"Christensenella_sp."
"Bifidobacterium_longum"	0	0.0330324272915525	0.348483205830174	0.0171185328765463	0.68912198373838	0.294152018643286	0.945091285288515	0.0211092381328832	0.00164495203767213	0.165006274023343	0.7770034950861	0.0414564229718346	0.236605667491936	0.0323472851313844	0.0273628515139383	0.374281746575621	0.00744081061052082	0.225932257210016	0.000328513528258975	0.0030786959451801	0.576052220793997	0.078797656310529	0.0307547561719474	0.0178263656267214	0.0437177897548932	0.00755880857767571	0.118730974861842	0.472447751115438	0.526871097070338	0.00058786174364368	0.0592958662105387	0.606225524794323	0.0663248347965529	0.0831395060752445	0.10404690541057	0.852968596047385	0.625527729029547	0.0245217756320527	0.646686146601388	0.0944420475420279	0.151103195133182	0.157603036451712	0.355134422452081	0.14781107937749	0.308424226709139	0.714064425010534	0.0115159898460037	0.344383998431209	0.0167704269083322	0.0722389837491753
"Bifidobacterium_dentium"	0.0330324272915525	0	0.11544734156717	0.330620079477083	0.644480846829787	0.831780290732263	0.00237252109658742	0.00108902075966587	0.369862714589789	0.630352780155706	0.319379073766063	0.228445300398131	0.0275523813627564	0.00414840425467481	0.0597800300304123	0.409718112685005	0.00220023315724024	0.0814770339985891	0.613636993906735	0.487206406741188	0.80623960657711	0.0357688395488353	0.0740799908733326	0.184396580518418	0.705981277231062	0.238039595222601	0.407991813631268	0.417166813680541	0.282467369836138	0.395564087997192	0.92501369193791	0.622881886038856	0.914695701962983	0.620024453169032	0.982787935156223	0.000621943471966127	0.737305036202258	0.814727900824057	0.96849318890941	0.771595452914656	0.821955082433285	0.264167748225011	0.045108146654108	0.532190105604032	0.00370741285552453	0.736127315901576	0.0272802510692173	0.415799002632257	0.558770827918758	0.285394142547246
"Bacteroides_dorei"	0.348483205830174	0.11544734156717	0	0.490885908182433	0.691990385090356	0.0884638343142416	0.0275557602551251	0.249895462027868	0.727369940939956	0.757991495326342	0.0598732763379788	0.650541064938866	0.829968064952291	0.878468353090494	0.391270674101204	0.248189324275466	0.162926296154086	0.176641040033963	0.0455020015474658	0.0534379394517419	0.613636767037038	0.986815570181945	0.762518546596433	0.231991748271117	0.786974567021113	0.503018538691411	0.303297683523237	0.223749759488644	0.0731973201767081	0.563435205051418	0.363322592467986	0.799362507356862	0.09467516503265	0.883940332078534	0.831103920889402	0.0932987417347424	0.0341194849487934	0.685191918286215	0.55319776649601	0.499338025508217	0.00407978218243455	0.400686764264893	0.0199576831210247	0.741187834721681	0.347115230344182	0.0646663956430056	0.418498252132802	0.747547607236034	0.467551516341766	0.98929743660783
"Bifidobacterium_breve"	0.0171185328765463	0.330620079477083	0.490885908182433	0	0.706864433796656	0.347483653498423	0.572368240763567	0.880354857446499	0.0231987249689874	0.301972767254225	0.469139025019855	0.394540351329663	0.393969302494465	0.00929455855751038	0.782051602064097	0.407844884275466	0.164898592801637	0.239105086740704	0.0985194634480703	0.000208578756028886	0.309651147243791	0.463003992781971	0.463442230045353	0.851450995665593	0.362652505011701	0.229586842025178	0.548870643250902	0.739851028346283	0.68965714913602	0.290153754872456	0.265420670665257	0.309651147243791	0.10868065179222	0.420626879032171	0.665273115712355	0.33638332070548	0.0202684501546455	0.471626020219781	0.635074795217466	0.488338263859188	0.169094750539478	0.287117695977254	0.486682867359433	0.0469387888171823	0.984159277640217	0.423558992492033	0.735342012254561	0.600909693642859	0.741402938414889	0.0171009738541058
"Bacteroides_vulgatus"	0.68912198373838	0.644480846829787	0.691990385090356	0.706864433796656	0	0.682898388595027	0.716855269623782	0.408737369668685	0.11011816872722	3.78030728653744e-07	1.97154089582498e-05	0.308440480974846	0.135040434827944	0.825550503261278	0.275142231356019	0.706709202333206	0.932823241949006	0.272261444132234	0.497907056419341	0.72104363451098	0.173865806907302	0.000647681832477266	0.598831426440396	0.997063096234072	0.796705249298668	0.302532516633501	0.743561517214585	0.190510531307267	0.956099047852995	0.568585984794261	0.000127309448429666	0.239727346036914	0.0903866560524754	0.317095171545031	0.570586764107414	0.656779634144237	5.18734954288758e-05	0.213591233105168	0.0626565985574009	0.00121923570051111	0.0129932163607525	0.531968409719517	0.84986163433506	0.311516953663422	0.673199621995781	0.48863560205042	0.92990014474576	0.265801225915825	0.152796596466618	0.352409821925929
"Bacteroides_fragilis"	0.294152018643286	0.831780290732263	0.0884638343142416	0.347483653498423	0.682898388595027	0	0.121094705142339	0.220905301090485	0.379580369932726	0.512312092574507	0.565594747789681	0.183815116426317	0.539168211536894	0.613401495943816	0.813396943323718	0.581350742319125	0.896981851462896	0.551884210502637	0.668866154994066	0.518860567757133	0.843923213330739	0.0184656155167714	0.484158342265524	0.107298094505333	0.0494909854281325	0.787775570109464	0.58852880782395	0.68206218444563	0.639312707263246	0.233898722613044	0.338606960018796	0.970270890765171	0.607450535574464	0.870707017379837	0.706460506504881	0.107363271262948	0.748557190777276	0.535293615520061	0.889967742395419	0.422537990541042	0.918893058393892	0.467726442146615	0.0318287099615164	0.366928632153537	0.472642615839963	0.078096720647462	0.460358918267508	0.392394243289563	0.380580975799636	0.0554037428495642
"Streptococcus_salivarius"	0.945091285288515	0.00237252109658742	0.0275557602551251	0.572368240763567	0.716855269623782	0.121094705142339	0	0.634474380554878	0.902293554921511	0.510784024636794	0.399587941121102	0.904558843189341	0.907828333276075	0.00358189996152864	0.110793133303579	0.686254847512197	0.00109350650079693	0.0921382655620684	0.883051048242411	0.415574189892682	0.682070554875539	0.903827932211896	0.00891255773908609	1.63654364390173e-05	0.346645617515426	0.00624242856407202	0.0480165647074195	0.0923802562718403	0.78006908664041	0.779573545326488	0.732297750159412	0.413660646519209	0.258190513419014	0.0831875156871845	0.904881913813986	1.6406625813693e-11	0.618751824114626	0.724945112504799	0.361334472537684	0.129322260744359	0.0663860740366526	0.187704445189827	0.0077275108791776	0.91816229145579	3.14391713907505e-10	0.133817867742672	0.0872816646325488	0.64593082994875	0.805018426200667	0.0790328407390993
"coprostanoligenes_group_human_gut"	0.0211092381328832	0.00108902075966587	0.249895462027868	0.880354857446499	0.408737369668685	0.220905301090485	0.634474380554878	0	0.0412072546823715	0.00298038858125446	0.241768352595115	6.93393706912569e-09	0.00402149869033937	0.023423849589023	0.579574970025598	0.217641581233957	0.000652215237082831	0.322777431272222	0.510875928069139	0.943745462510008	0.447487371057849	0.000101867273742642	0.258804254573062	0.17862725055097	0.97022520156702	0.0391968156836456	0.981475798427509	0.632878915406935	0.000131055127072855	0.000290588268230235	0.0460217451417264	0.135243931864682	1.31471336594667e-05	0.202904974018072	0.986436740638725	0.913530944442804	0.51422625487369	0.423429612653547	3.72718563054881e-05	7.10422522181467e-07	1.24341746458969e-06	0.000295220152108623	0.0157845817777129	0.0840125356962552	0.673789974607318	0.55035042403502	0.982989039485505	0.134257627158368	0.0324027455732518	0.39784823762929
"Ruminococcus_bicirculans"	0.00164495203767213	0.369862714589789	0.727369940939956	0.0231987249689874	0.11011816872722	0.379580369932726	0.902293554921511	0.0412072546823715	0	0.000898265802601872	0.0120078079615454	5.32856688624408e-06	0.930839252423426	0.0990722429177331	0.0282973422956948	0.806339353288736	3.84464015263103e-05	0.969538022801717	0.0236150765760693	0.661429977716975	0.259273657914805	0.049645964383167	0.0123944830254807	0.0581059332078546	0.50305024222986	0.114179231370668	0.481318646088047	0.178955304384339	0.484288861665271	6.83875025224662e-10	3.90337033630285e-05	0.0318591096212006	1.04649793388749e-05	0.542609688613666	0.325084336019618	0.409236456831023	0.454169332488373	0.718959712953466	0.0682062452426121	0.0107008677109333	0.0135482900987626	0.42470744099269	0.669534130899857	0.676426565378742	0.993168516558837	0.384149367320825	0.124730838673107	0.311425118072769	0.547113203033159	0.310682721217152
"Parabacteroides_merdae"	0.165006274023343	0.630352780155706	0.757991495326342	0.301972767254225	3.78030728653744e-07	0.512312092574507	0.510784024636794	0.00298038858125446	0.000898265802601872	0	6.42368388917859e-08	0.0165677445237545	0.0299690746043077	0.91598712735109	0.0135473743473409	0.2140985519038	0.0199994637141427	0.457682521770867	0.11788144642378	0.779279089983236	0.14898015868675	9.21389942021614e-06	0.0883877540591855	0.815781889001938	0.0958518543189357	0.000602081246348751	0.369853600338732	0.806659702999872	0.771309175765251	0.00235353281577113	6.99772887937459e-14	0.0651040257681571	2.43074157401536e-07	0.10363178593613	0.107346912934243	0.972088774866643	0.0147072422700607	0.948238485730541	0.000892419004527926	1.71527406415292e-11	1.1641704481199e-05	0.0263108502859976	0.546127276871963	0.241927078564354	0.229535642193263	0.766244494549874	0.635604773437974	0.949974447064146	0.94035023191213	0.71537005856223
"Bacteroides_stercoris"	0.7770034950861	0.319379073766063	0.0598732763379788	0.469139025019855	1.97154089582498e-05	0.565594747789681	0.399587941121102	0.241768352595115	0.0120078079615454	6.42368388917859e-08	0	0.0203533024943437	0.179090061441326	0.762602687749599	0.095189752816834	0.905779272086331	0.747409919642864	0.0541013288530875	0.20532343056687	0.771927894694773	0.232939540768332	1.70269567835766e-05	0.640716791524693	0.56115426551307	0.99885066537196	0.740015813465575	0.61841354277873	0.254660274890653	0.428067642336627	0.459888310836207	2.20816568497691e-08	0.120618676001718	4.68291251053785e-05	0.779141892617726	0.112730625826018	0.921099127893226	0.02718650589033	0.655835862955138	0.0457967689832816	0.000124999790924288	4.4379060946639e-06	0.234114693323413	0.750956252478469	0.77629707477001	0.650898566629319	0.13200731805196	0.439994028307483	0.381748102247589	0.384126589888616	0.064202625556347
"human_gut"	0.0414564229718346	0.228445300398131	0.650541064938866	0.394540351329663	0.308440480974846	0.183815116426317	0.904558843189341	6.93393706912569e-09	5.32856688624408e-06	0.0165677445237545	0.0203533024943437	0	0.882041348315568	0.0917489953683832	0.0267339263166196	0.67327929433061	0.0159943819537221	0.508993057957564	0.216400163973355	0.843305347684343	0.702138505924233	0.00121472978124815	0.110696730560419	0.0478077181021507	0.60507522326979	0.0954092311187968	0.418294585614427	0.246272682298984	0.000594681476834509	0.0261353766410044	2.84525618268999e-05	0.182890759468911	6.54526829166269e-09	0.339982426768964	0.401950478813855	0.715663247027573	0.779952698830195	0.958894502564677	0.0650754395532093	2.66455584100673e-07	1.75402724845466e-06	0.0196298010294234	0.478833957585056	0.749720339531229	0.65850138537551	0.258706150786219	0.660841824477467	0.279665040002978	0.459580130096564	0.841636518824776
"Acidaminococcus_sp."	0.236605667491936	0.0275523813627564	0.829968064952291	0.393969302494465	0.135040434827944	0.539168211536894	0.907828333276075	0.00402149869033937	0.930839252423426	0.0299690746043077	0.179090061441326	0.882041348315568	0	0.868074408124973	0.237613227752731	0.341700212844009	0.143528825581416	0.682025841920961	0.000397161673531031	0.0294079988689079	0.781370634049353	0.0110094001261559	0.02930424572203	0.333064936999223	0.0559527111457515	0.0888119841430646	0.714830180084429	0.0726256168350951	0.236448819332221	0.912064525207308	0.473866426881973	0.150401987075522	0.399974927123712	0.0189090630630085	0.205981852735533	0.351640489540853	0.696356020276209	0.285490437196618	0.00296933242756417	0.100072908035997	0.780830752924385	0.610786410354721	0.854944785861068	0.0058247421312944	0.507191681432608	0.127848019824658	0.0778388603181769	0.0231506073345037	0.463319013814079	0.0341491378197433
"Lactobacillus_mucosae"	0.0323472851313844	0.00414840425467481	0.878468353090494	0.00929455855751038	0.825550503261278	0.613401495943816	0.00358189996152864	0.023423849589023	0.0990722429177331	0.91598712735109	0.762602687749599	0.0917489953683832	0.868074408124973	0	0.46994251642299	0.49751131486213	0.108947371207415	0.754208142604999	0.0250030584900316	0.265879705681331	0.810520210991022	0.843667512418414	0.311311349555811	0.851782755111976	0.385518601894945	0.0360760687090112	0.223040173675934	0.425371382043913	0.872875528502335	0.529954840903765	0.983287431444187	0.394277399623653	0.178313959649562	0.175696612520545	0.976328190404438	2.88008348015189e-06	0.389719874708995	0.103296844898165	0.590600378602066	0.790907026477391	0.562419781854407	0.386604708694138	0.00995288231648153	0.306951373318208	0.014994427633214	0.293452651563927	0.0109459567260967	0.103296844898165	0.326802655535356	0.900713686864248
"Bacteroides_plebeius"	0.0273628515139383	0.0597800300304123	0.391270674101204	0.782051602064097	0.275142231356019	0.813396943323718	0.110793133303579	0.579574970025598	0.0282973422956948	0.0135473743473409	0.095189752816834	0.0267339263166196	0.237613227752731	0.46994251642299	0	0.0471389730007972	6.40391427119988e-05	0.898094377025564	0.169411459173579	0.495171407618151	0.502735961625745	0.0864436546385652	0.0240017878123393	0.726782241314812	0.00832914389179051	0.000455625429830616	0.917223429673441	0.351743616449045	0.227931727126836	0.088374539206997	0.00132015935310793	0.0109178601191742	0.00377323724218111	0.878408255367482	0.874960318634653	0.580906117779022	0.101610386329271	0.70789575371352	0.325786888670705	0.0107118989456707	0.00184650407315699	0.62706326273217	0.98554389897766	0.187429057489703	0.74609909504055	0.246402956883847	0.285074739094296	0.645291357298352	0.386090442030602	0.212954745170138
"Massiliprevotella_massiliensis"	0.374281746575621	0.409718112685005	0.248189324275466	0.407844884275466	0.706709202333206	0.581350742319125	0.686254847512197	0.217641581233957	0.806339353288736	0.2140985519038	0.905779272086331	0.67327929433061	0.341700212844009	0.49751131486213	0.0471389730007972	0	0.0121940763692525	0.413077514950387	0.512784921850363	0.533047264914752	0.554860373018364	0.313504369121527	0.217602266771371	0.574205504030352	0.696030541893425	1.81616816397185e-05	0.727356240121339	0.617764571939066	0.454664502041169	0.0559380964015296	0.145213014370989	0.554860373018364	0.0418874528765691	0.280615593530376	0.426436763631811	0.474335123058991	0.491275149215519	0.641654893325649	0.426436763631811	0.397819583951833	0.205635310271727	0.273748091718696	0.40017790916893	0.537205026549985	0.363973859701812	0.341700212844009	0.469610062493943	0.641654893325649	0.595492786913657	0.254013429594013
"Dorea_formicigenerans"	0.00744081061052082	0.00220023315724024	0.162926296154086	0.164898592801637	0.932823241949006	0.896981851462896	0.00109350650079693	0.000652215237082831	3.84464015263103e-05	0.0199994637141427	0.747409919642864	0.0159943819537221	0.143528825581416	0.108947371207415	6.40391427119988e-05	0.0121940763692525	0	0.395172490700052	0.000782346631691082	0.843561824587227	0.208874394990134	0.678531826476269	4.16903673753914e-08	0.579225417610321	0.496353666254528	0.00221443825023192	0.79190055424489	0.0438985534620573	0.00304777343903749	1.10577753061781e-05	0.0885892626134187	0.0718952820457861	0.123316284875565	0.782461467078132	0.999682201414131	0.607593671481008	0.353307151490915	0.797606520530531	0.677750359036087	0.399676515819636	0.588810949473591	0.0170932297185397	0.00261028761453176	0.53169528857883	0.499606212432744	0.000173010362573204	0.0376389052940167	0.319352760692877	0.422434616230171	0.542316857200458
"Megasphaera_hexanoica"	0.225932257210016	0.0814770339985891	0.176641040033963	0.239105086740704	0.272261444132234	0.551884210502637	0.0921382655620684	0.322777431272222	0.969538022801717	0.457682521770867	0.0541013288530875	0.508993057957564	0.682025841920961	0.754208142604999	0.898094377025564	0.413077514950387	0.395172490700052	0	0.905965368312231	0.276035076419421	0.530146990754347	0.852114733062696	0.221864950581835	0.0165732054455044	0.818796855600254	0.908019861081411	6.69583060912982e-05	0.982837942990447	0.116776961857681	0.0151496566225101	0.0690669385278504	0.215931016060037	0.027683140354445	0.329001606552147	0.897500075883404	0.062031968307381	0.43051992730504	0.941666305974062	0.0951146546900066	0.0150129991212565	0.0133576031829252	0.194768448083077	0.669894336796333	0.667980973241927	0.0506473230326735	0.13649650038368	0.984925769366724	0.329757938298111	0.266073495772583	0.215931016060037
"scindens"	0.000328513528258975	0.613636993906735	0.0455020015474658	0.0985194634480703	0.497907056419341	0.668866154994066	0.883051048242411	0.510875928069139	0.0236150765760693	0.11788144642378	0.20532343056687	0.216400163973355	0.000397161673531031	0.0250030584900316	0.169411459173579	0.512784921850363	0.000782346631691082	0.905965368312231	0	0.12833842941224	0.390462548577906	0.0709690517654136	0.000847753571787425	0.00110732416324739	0.168538962601202	0.0599055806616373	0.0423517601712953	0.0037859193012249	0.532872423241892	0.110893139788851	0.557177913654606	0.402577955189421	0.142734846623544	0.0504228265913049	0.164906745123318	0.453252437646809	0.112882210748841	0.0522330406776439	0.61028524184639	0.162148282627231	0.401431875879491	0.282563812222689	0.00544836158510688	0.00108602973983604	0.960790039732716	0.037209744211381	0.00981794994942119	0.0122247294121298	0.0531887448095141	6.23135387854975e-05
"Bifidobacterium_bifidum"	0.0030786959451801	0.487206406741188	0.0534379394517419	0.000208578756028886	0.72104363451098	0.518860567757133	0.415574189892682	0.943745462510008	0.661429977716975	0.779279089983236	0.771927894694773	0.843305347684343	0.0294079988689079	0.265879705681331	0.495171407618151	0.533047264914752	0.843561824587227	0.276035076419421	0.12833842941224	0	0.203372022661216	0.400227810913409	0.615099791274843	0.962156899383253	0.366363615389646	0.490921229739255	0.0223297554527782	0.980520216907794	0.362848938269134	0.883523880172605	0.912428604094572	0.203372022661216	0.34986225239793	0.771460498101436	0.378739085980204	0.324927069134504	0.444948662258735	0.316445002721449	0.859384764192701	0.565961941045236	0.485602880478334	0.182579535705097	0.0693966548309923	0.976033528702805	0.540303193110899	0.547172717686781	0.39981049912826	0.25006564921588	0.252954034605201	0.56097518543109
"Collinsella_tanakaei"	0.576052220793997	0.80623960657711	0.613636767037038	0.309651147243791	0.173865806907302	0.843923213330739	0.682070554875539	0.447487371057849	0.259273657914805	0.14898015868675	0.232939540768332	0.702138505924233	0.781370634049353	0.810520210991022	0.502735961625745	0.554860373018364	0.208874394990134	0.530146990754347	0.390462548577906	0.203372022661216	0	0.364515954949504	0.32466020612078	0.504743612481252	0.104092725790613	0.989219177775446	0.598512135573133	0.450950790689285	0.981763821687992	0.0110649232454244	0.197798477736211	0.119524035977581	0.187205229291489	0.58146084383146	0.78040960196736	0.875047531955489	0.274428799138191	0.411508674366534	0.229254657152834	0.738558886288458	0.608099878967976	0.349917939701541	0.700903093005124	0.693714332340981	0.685021444040747	0.150401987075522	0.940184085702595	0.362149243681757	0.58190115595656	0.372296898613855
"Bacteroides_massiliensis"	0.078797656310529	0.0357688395488353	0.986815570181945	0.463003992781971	0.000647681832477266	0.0184656155167714	0.903827932211896	0.000101867273742642	0.049645964383167	9.21389942021614e-06	1.70269567835766e-05	0.00121472978124815	0.0110094001261559	0.843667512418414	0.0864436546385652	0.313504369121527	0.678531826476269	0.852114733062696	0.0709690517654136	0.400227810913409	0.364515954949504	0	0.768821837034146	0.581815437538188	0.019664463435558	0.505169339158963	0.875057343042523	0.161988732129894	0.264178920157819	0.0875009580213532	0.00191569678116254	0.185951701484888	0.00020538414959296	0.589137300642711	0.204397663634143	0.646306618245324	0.73588997118759	0.691883421788293	0.134913092069571	3.92988068720927e-07	0.000382151190074712	0.801959495323692	0.766908525116631	0.872363193322869	0.699131111005714	0.13386256631412	0.352710834250514	0.176382540524778	0.818398817460399	0.044379149277414
"Eubacterium_ramulus"	0.0307547561719474	0.0740799908733326	0.762518546596433	0.463442230045353	0.598831426440396	0.484158342265524	0.00891255773908609	0.258804254573062	0.0123944830254807	0.0883877540591855	0.640716791524693	0.110696730560419	0.02930424572203	0.311311349555811	0.0240017878123393	0.217602266771371	4.16903673753914e-08	0.221864950581835	0.000847753571787425	0.615099791274843	0.32466020612078	0.768821837034146	0	0.143559389419149	0.347667732090141	0.112438051654165	0.917223429673441	0.570276092204136	0.305268603491413	0.00422946562731547	0.701772095654652	0.689763355276205	0.536815430010092	0.531108015052942	0.0969580308159447	0.943894854318896	0.271192680771813	0.14186955440902	0.481397781549012	0.238102400961507	0.251674800964598	0.38734869675287	0.657195960734196	0.589323131067582	0.0461627235609803	0.0834442909282978	0.0219207672346445	0.14186955440902	0.0935262606924757	0.292509250097968
"Schaalia_odontolytica"	0.0178263656267214	0.184396580518418	0.231991748271117	0.851450995665593	0.997063096234072	0.107298094505333	1.63654364390173e-05	0.17862725055097	0.0581059332078546	0.815781889001938	0.56115426551307	0.0478077181021507	0.333064936999223	0.851782755111976	0.726782241314812	0.574205504030352	0.579225417610321	0.0165732054455044	0.00110732416324739	0.962156899383253	0.504743612481252	0.581815437538188	0.143559389419149	0	0.540881371849369	0.612753462294161	0.311507407804672	0.43070625159357	0.593955849843104	0.211547352528251	0.888998926283287	0.412593458642863	0.660605786097547	0.0517078067841749	0.11914293904275	5.3672904771236e-06	0.367887373019399	0.324386809309113	0.341729015322821	0.305201428722434	0.375434067819121	0.610992035115027	0.372262365707185	0.0804644918552001	0.156448893625656	0.255669631069953	0.0364136751460975	0.735525828769645	0.644081409187257	0.778059466323978
"Bacteroides_coprocola"	0.0437177897548932	0.705981277231062	0.786974567021113	0.362652505011701	0.796705249298668	0.0494909854281325	0.346645617515426	0.97022520156702	0.50305024222986	0.0958518543189357	0.99885066537196	0.60507522326979	0.0559527111457515	0.385518601894945	0.00832914389179051	0.696030541893425	0.496353666254528	0.818796855600254	0.168538962601202	0.366363615389646	0.104092725790613	0.019664463435558	0.347667732090141	0.540881371849369	0	0.152132295842636	0.386192911433396	0.214414874253306	0.0622388346795543	0.314609950015756	0.0529829310832848	0.821164486922766	0.221690074232082	0.293629118579358	0.0471951593845939	0.777135879116512	0.59194405168814	0.330504254043663	0.979365056556849	0.287985655429553	0.577824511662878	0.123394892800192	0.52843643181135	0.16959808370074	0.285845279788188	0.426167816027776	0.680247896130507	0.970744445868658	0.762504563858807	0.581120835807411
"Prevotella_copri"	0.00755880857767571	0.238039595222601	0.503018538691411	0.229586842025178	0.302532516633501	0.787775570109464	0.00624242856407202	0.0391968156836456	0.114179231370668	0.000602081246348751	0.740015813465575	0.0954092311187968	0.0888119841430646	0.0360760687090112	0.000455625429830616	1.81616816397185e-05	0.00221443825023192	0.908019861081411	0.0599055806616373	0.490921229739255	0.989219177775446	0.505169339158963	0.112438051654165	0.612753462294161	0.152132295842636	0	0.533687243583404	0.37282014102722	0.168680640515072	0.00555745797110502	0.0906161067327003	0.930219416412565	0.043316410206627	0.121458724367224	0.576742837760685	0.787731647650142	0.631025793767504	0.405947050649145	0.548902057680354	0.0995411121207121	0.0719014210021744	3.84459815247909e-05	0.132391133146545	0.632200422082546	0.952591594799148	0.0888119841430646	0.196161605704163	0.405947050649145	0.34301482528507	0.291468705675106
"Veillonella_magna"	0.118730974861842	0.407991813631268	0.303297683523237	0.548870643250902	0.743561517214585	0.58852880782395	0.0480165647074195	0.981475798427509	0.481318646088047	0.369853600338732	0.61841354277873	0.418294585614427	0.714830180084429	0.223040173675934	0.917223429673441	0.727356240121339	0.79190055424489	6.69583060912982e-05	0.0423517601712953	0.0223297554527782	0.598512135573133	0.875057343042523	0.917223429673441	0.311507407804672	0.386192911433396	0.533687243583404	0	0.0520822850516554	0.504998526780851	0.874341316756015	0.249934480411512	0.598512135573133	0.271764440455826	0.287168585542682	0.443184957245797	0.273347021862633	0.519079463870425	0.678141332054384	0.478256306910897	0.303297683523237	0.2951399155757	0.581206568610784	0.4531902959193	0.658714404166186	0.0422642881846436	0.0711458513399021	0.519079463870425	0.678141332054384	0.635923415064338	0.598512135573133
"Anaeroglobus_geminatus"	0.472447751115438	0.417166813680541	0.223749759488644	0.739851028346283	0.190510531307267	0.68206218444563	0.0923802562718403	0.632878915406935	0.178955304384339	0.806659702999872	0.254660274890653	0.246272682298984	0.0726256168350951	0.425371382043913	0.351743616449045	0.617764571939066	0.0438985534620573	0.982837942990447	0.0037859193012249	0.980520216907794	0.450950790689285	0.161988732129894	0.570276092204136	0.43070625159357	0.214414874253306	0.37282014102722	0.0520822850516554	0	0.339748506843117	0.115093435466479	0.453936297392269	0.450950790689285	0.568638112166277	0.127049641475992	0.0148828509350219	0.00270296375845921	0.139422024807318	0.552482094892024	0.141579888894402	0.638704633522116	0.55616845947297	0.429660392788556	0.930857438465706	0.354241883057218	0.0514385117694685	2.57244746813742e-05	0.355857618216296	0.552482094892024	0.497960039174429	0.450950790689285
"siraeum"	0.526871097070338	0.282467369836138	0.0731973201767081	0.68965714913602	0.956099047852995	0.639312707263246	0.78006908664041	0.000131055127072855	0.484288861665271	0.771309175765251	0.428067642336627	0.000594681476834509	0.236448819332221	0.872875528502335	0.227931727126836	0.454664502041169	0.00304777343903749	0.116776961857681	0.532872423241892	0.362848938269134	0.981763821687992	0.264178920157819	0.305268603491413	0.593955849843104	0.0622388346795543	0.168680640515072	0.504998526780851	0.339748506843117	0	0.645746089318261	0.0172632891569305	0.00180450811293253	0.0002316193712528	0.753394981248893	0.0222080499440253	0.495332532151412	0.569791268701974	0.631395352610327	0.0191267876500491	0.0180294588749432	0.000686104179563641	0.00420781893647436	0.887492222538793	0.13015740132283	0.923619160298066	0.252481554678915	0.0359387817448441	0.100622010601086	0.140339203550102	0.313729125870449
"Ruminococcus_callidus"	0.00058786174364368	0.395564087997192	0.563435205051418	0.290153754872456	0.568585984794261	0.233898722613044	0.779573545326488	0.000290588268230235	6.83875025224662e-10	0.00235353281577113	0.459888310836207	0.0261353766410044	0.912064525207308	0.529954840903765	0.088374539206997	0.0559380964015296	1.10577753061781e-05	0.0151496566225101	0.110893139788851	0.883523880172605	0.0110649232454244	0.0875009580213532	0.00422946562731547	0.211547352528251	0.314609950015756	0.00555745797110502	0.874341316756015	0.115093435466479	0.645746089318261	0	0.0253941022846141	0.0342813372215322	0.00482734584469011	0.76267842709847	0.83678293838768	0.191502996182249	0.431295246211999	0.641736688281512	0.170984741860096	0.0917436915399563	0.120725703166179	0.167942103510158	0.00751680699657809	0.246169245719238	0.283164610838403	0.0356204970202155	0.106588827607283	0.557814963607438	0.402404776096339	0.827046617763513
"Alistipes_shahii"	0.0592958662105387	0.92501369193791	0.363322592467986	0.265420670665257	0.000127309448429666	0.338606960018796	0.732297750159412	0.0460217451417264	3.90337033630285e-05	6.99772887937459e-14	2.20816568497691e-08	2.84525618268999e-05	0.473866426881973	0.983287431444187	0.00132015935310793	0.145213014370989	0.0885892626134187	0.0690669385278504	0.557177913654606	0.912428604094572	0.197798477736211	0.00191569678116254	0.701772095654652	0.888998926283287	0.0529829310832848	0.0906161067327003	0.249934480411512	0.453936297392269	0.0172632891569305	0.0253941022846141	0	0.00497534292397889	9.18784978828768e-10	0.0465293033473182	0.0529330232611941	0.494929879294542	0.0250366077333759	0.43773702677388	0.000817619695143695	2.76771922933291e-11	2.69274218875595e-07	0.00697027161196835	0.662119303372936	0.668472202205031	0.818702355931018	0.440678448614491	0.220912802245998	0.639444844666396	0.376338815226059	0.353184630140826
"Bacteroides_intestinalis"	0.606225524794323	0.622881886038856	0.799362507356862	0.309651147243791	0.239727346036914	0.970270890765171	0.413660646519209	0.135243931864682	0.0318591096212006	0.0651040257681571	0.120618676001718	0.182890759468911	0.150401987075522	0.394277399623653	0.0109178601191742	0.554860373018364	0.0718952820457861	0.215931016060037	0.402577955189421	0.203372022661216	0.119524035977581	0.185951701484888	0.689763355276205	0.412593458642863	0.821164486922766	0.930219416412565	0.598512135573133	0.450950790689285	0.00180450811293253	0.0342813372215322	0.00497534292397889	0	0.218391371650381	0.749045304989306	0.0452557394268509	0.555588810586181	0.0150444215118481	0.482069422923614	0.460107832138318	0.0267733157214015	0.0466615159135858	0.863457209218071	0.535974937947922	0.659497569668969	0.169790746259648	0.508444630051657	0.910294032565383	0.400804270357384	0.0599770053749959	0.372296898613855
"Alistipes_sp."	0.0663248347965529	0.914695701962983	0.09467516503265	0.10868065179222	0.0903866560524754	0.607450535574464	0.258190513419014	1.31471336594667e-05	1.04649793388749e-05	2.43074157401536e-07	4.68291251053785e-05	6.54526829166269e-09	0.399974927123712	0.178313959649562	0.00377323724218111	0.0418874528765691	0.123316284875565	0.027683140354445	0.142734846623544	0.34986225239793	0.187205229291489	0.00020538414959296	0.536815430010092	0.660605786097547	0.221690074232082	0.043316410206627	0.271764440455826	0.568638112166277	0.0002316193712528	0.00482734584469011	9.18784978828768e-10	0.218391371650381	0	0.00302962534144096	0.0115035342824717	0.805039429748535	0.0890124061789054	0.00767976626513185	2.23223969946361e-05	1.36235763276964e-10	1.47496720552045e-18	0.0127184863479765	0.890272929807841	0.000810894562711923	0.0699728511138779	0.336111469030256	0.0692682147550949	0.856526122722295	0.206256489661333	0.149335250243733
"leptum"	0.0831395060752445	0.620024453169032	0.883940332078534	0.420626879032171	0.317095171545031	0.870707017379837	0.0831875156871845	0.202904974018072	0.542609688613666	0.10363178593613	0.779141892617726	0.339982426768964	0.0189090630630085	0.175696612520545	0.878408255367482	0.280615593530376	0.782461467078132	0.329001606552147	0.0504228265913049	0.771460498101436	0.58146084383146	0.589137300642711	0.531108015052942	0.0517078067841749	0.293629118579358	0.121458724367224	0.287168585542682	0.127049641475992	0.753394981248893	0.76267842709847	0.0465293033473182	0.749045304989306	0.00302962534144096	0	0.891517210042738	0.328156686927321	0.110994763538418	0.0109918174170653	0.546682211244798	0.0220999211980919	0.00285546909616554	0.659364429764322	0.0804390422398933	0.0314078158372252	0.365263389990449	0.639444722967882	0.128450041329211	0.00146334112819328	0.00784053064334686	0.054871647684973
"Bacteroides_eggerthii"	0.10404690541057	0.982787935156223	0.831103920889402	0.665273115712355	0.570586764107414	0.706460506504881	0.904881913813986	0.986436740638725	0.325084336019618	0.107346912934243	0.112730625826018	0.401950478813855	0.205981852735533	0.976328190404438	0.874960318634653	0.426436763631811	0.999682201414131	0.897500075883404	0.164906745123318	0.378739085980204	0.78040960196736	0.204397663634143	0.0969580308159447	0.11914293904275	0.0471951593845939	0.576742837760685	0.443184957245797	0.0148828509350219	0.0222080499440253	0.83678293838768	0.0529330232611941	0.0452557394268509	0.0115035342824717	0.891517210042738	0	0.0610607743832079	0.140613839447011	0.00855768496521079	0.548434005804553	0.171519407658071	0.102731165725327	0.207753992857092	0.145381193154118	0.387360392650919	0.242770007103241	0.573997018366374	0.00483535455481915	0.343653432533955	0.304112979836122	0.898547537866979
"Streptococcus_anginosus"	0.852968596047385	0.000621943471966127	0.0932987417347424	0.33638332070548	0.656779634144237	0.107363271262948	1.6406625813693e-11	0.913530944442804	0.409236456831023	0.972088774866643	0.921099127893226	0.715663247027573	0.351640489540853	2.88008348015189e-06	0.580906117779022	0.474335123058991	0.607593671481008	0.062031968307381	0.453252437646809	0.324927069134504	0.875047531955489	0.646306618245324	0.943894854318896	5.3672904771236e-06	0.777135879116512	0.787731647650142	0.273347021862633	0.00270296375845921	0.495332532151412	0.191502996182249	0.494929879294542	0.555588810586181	0.805039429748535	0.328156686927321	0.0610607743832079	0	0.153960352183593	0.861974779890148	0.806766624448017	0.870779176077638	0.0591987321003565	0.521701445868201	0.0346224673273138	0.797862791578732	0.000653830021023564	0.240540119157733	0.197166036884828	0.411142880530996	0.978146748415166	0.44580003927956
"Bacteroides_cellulosilyticus"	0.625527729029547	0.737305036202258	0.0341194849487934	0.0202684501546455	5.18734954288758e-05	0.748557190777276	0.618751824114626	0.51422625487369	0.454169332488373	0.0147072422700607	0.02718650589033	0.779952698830195	0.696356020276209	0.389719874708995	0.101610386329271	0.491275149215519	0.353307151490915	0.43051992730504	0.112882210748841	0.444948662258735	0.274428799138191	0.73588997118759	0.271192680771813	0.367887373019399	0.59194405168814	0.631025793767504	0.519079463870425	0.139422024807318	0.569791268701974	0.431295246211999	0.0250366077333759	0.0150444215118481	0.0890124061789054	0.110994763538418	0.140613839447011	0.153960352183593	0	0.389262546222773	0.00478271631648614	0.820057307733796	0.00432107545435745	0.0700742600742845	0.0859993827300582	0.239942234966097	0.271570350313104	0.0054521122779074	0.627549230902993	0.569700330780342	0.752153085653	0.376339470947803
"Mordavella_sp."	0.0245217756320527	0.814727900824057	0.685191918286215	0.471626020219781	0.213591233105168	0.535293615520061	0.724945112504799	0.423429612653547	0.718959712953466	0.948238485730541	0.655835862955138	0.958894502564677	0.285490437196618	0.103296844898165	0.70789575371352	0.641654893325649	0.797606520530531	0.941666305974062	0.0522330406776439	0.316445002721449	0.411508674366534	0.691883421788293	0.14186955440902	0.324386809309113	0.330504254043663	0.405947050649145	0.678141332054384	0.552482094892024	0.631395352610327	0.641736688281512	0.43773702677388	0.482069422923614	0.00767976626513185	0.0109918174170653	0.00855768496521079	0.861974779890148	0.389262546222773	0	0.343653432533955	0.544659891595254	0.150943905546233	0.461434015857753	0.794464866758581	0.00207570914988503	0.279665040002978	0.858021907004815	2.86681422801599e-09	0.579582815503514	0.00354907253264842	0.341650413645367
"Parabacteroides_goldsteinii"	0.646686146601388	0.96849318890941	0.55319776649601	0.635074795217466	0.0626565985574009	0.889967742395419	0.361334472537684	3.72718563054881e-05	0.0682062452426121	0.000892419004527926	0.0457967689832816	0.0650754395532093	0.00296933242756417	0.590600378602066	0.325786888670705	0.426436763631811	0.677750359036087	0.0951146546900066	0.61028524184639	0.859384764192701	0.229254657152834	0.134913092069571	0.481397781549012	0.341729015322821	0.979365056556849	0.548902057680354	0.478256306910897	0.141579888894402	0.0191267876500491	0.170984741860096	0.000817619695143695	0.460107832138318	2.23223969946361e-05	0.546682211244798	0.548434005804553	0.806766624448017	0.00478271631648614	0.343653432533955	0	0.010198035214352	0.000278955361775887	0.46645411287085	0.357979224096669	0.038136024124897	0.922682830804698	0.161506946523548	0.755920653401527	0.128783441718935	0.247084388478616	0.00573229227471203
"Odoribacter_splanchnicus"	0.0944420475420279	0.771595452914656	0.499338025508217	0.488338263859188	0.00121923570051111	0.422537990541042	0.129322260744359	7.10422522181467e-07	0.0107008677109333	1.71527406415292e-11	0.000124999790924288	2.66455584100673e-07	0.100072908035997	0.790907026477391	0.0107118989456707	0.397819583951833	0.399676515819636	0.0150129991212565	0.162148282627231	0.565961941045236	0.738558886288458	3.92988068720927e-07	0.238102400961507	0.305201428722434	0.287985655429553	0.0995411121207121	0.303297683523237	0.638704633522116	0.0180294588749432	0.0917436915399563	2.76771922933291e-11	0.0267733157214015	1.36235763276964e-10	0.0220999211980919	0.171519407658071	0.870779176077638	0.820057307733796	0.544659891595254	0.010198035214352	0	8.40469189360654e-08	0.0854836837928287	0.387354390530675	0.540607935321247	0.101378525094058	0.804417044505669	0.804617841618442	0.200286435569275	0.354531740967863	0.632883753352949
"Alistipes_indistinctus"	0.151103195133182	0.821955082433285	0.00407978218243455	0.169094750539478	0.0129932163607525	0.918893058393892	0.0663860740366526	1.24341746458969e-06	0.0135482900987626	1.1641704481199e-05	4.4379060946639e-06	1.75402724845466e-06	0.780830752924385	0.562419781854407	0.00184650407315699	0.205635310271727	0.588810949473591	0.0133576031829252	0.401431875879491	0.485602880478334	0.608099878967976	0.000382151190074712	0.251674800964598	0.375434067819121	0.577824511662878	0.0719014210021744	0.2951399155757	0.55616845947297	0.000686104179563641	0.120725703166179	2.69274218875595e-07	0.0466615159135858	1.47496720552045e-18	0.00285546909616554	0.102731165725327	0.0591987321003565	0.00432107545435745	0.150943905546233	0.000278955361775887	8.40469189360654e-08	0	0.00010999594320783	0.813774073615527	0.0669902653902994	0.393286916031971	0.617417852848818	0.143715444082973	0.161796931364236	0.118695411552881	0.246532497125772
