""	"Euryarchaeota"	"Actinobacteriota"	"Bacteroidota"	"Campilobacterota"	"Desulfobacterota"	"Firmicutes"	"Fusobacteriota"	"Patescibacteria"	"Proteobacteria"	"Synergistota"	"Verrucomicrobiota"
"Euryarchaeota"	0	0.874659926913494	0.510354928100458	0.991292790518953	0.00532081283670195	0.531129659611308	0.134290639127905	0.924369585610334	0.430178634266035	1.44758521500706e-05	0.334344295711499
"Actinobacteriota"	0.874659926913494	0	0.073618893533163	0.084955495151945	0.459011254174427	0.00221225525473058	0.456551592040929	0.17126369334486	4.55682166210332e-05	0.827257357855793	0.632872648445656
"Bacteroidota"	0.510354928100458	0.073618893533163	0	0.980037183623335	8.46815564057654e-05	0.0902936659742553	0.556444046105015	0.410555992153598	0.0438484956751061	0.153556303614473	0.0653217954777769
"Campilobacterota"	0.991292790518953	0.084955495151945	0.980037183623335	0	0.495087515766886	0.434234856150842	0.355209893328435	0.0553530479245496	0.280742430254951	0.958615126133118	0.636185794974365
"Desulfobacterota"	0.00532081283670195	0.459011254174427	8.46815564057654e-05	0.495087515766886	0	0.0561438941620467	0.442218452212725	0.355589922484285	0.386365175420345	3.06601376074817e-06	0.728041393370432
"Firmicutes"	0.531129659611308	0.00221225525473058	0.0902936659742553	0.434234856150842	0.0561438941620467	0	0.92922095843013	0.609786918390215	3.67467528483178e-10	0.0782376121003526	0.00218173880776969
"Fusobacteriota"	0.134290639127905	0.456551592040929	0.556444046105015	0.355209893328435	0.442218452212725	0.92922095843013	0	0.424466115251239	0.782014646777415	0.881083895013055	0.144054538000424
"Patescibacteria"	0.924369585610334	0.17126369334486	0.410555992153598	0.0553530479245496	0.355589922484285	0.609786918390215	0.424466115251239	0	0.0468712720791541	0.244547947923477	0.210828204620545
"Proteobacteria"	0.430178634266035	4.55682166210332e-05	0.0438484956751061	0.280742430254951	0.386365175420345	3.67467528483178e-10	0.782014646777415	0.0468712720791541	0	0.700888751857386	0.380487186851887
"Synergistota"	1.44758521500706e-05	0.827257357855793	0.153556303614473	0.958615126133118	3.06601376074817e-06	0.0782376121003526	0.881083895013055	0.244547947923477	0.700888751857386	0	0.0371517499318728
"Verrucomicrobiota"	0.334344295711499	0.632872648445656	0.0653217954777769	0.636185794974365	0.728041393370432	0.00218173880776969	0.144054538000424	0.210828204620545	0.380487186851887	0.0371517499318728	0
