""	"Euryarchaeota"	"Actinobacteriota"	"Bacteroidota"	"Campilobacterota"	"Desulfobacterota"	"Firmicutes"	"Fusobacteriota"	"Patescibacteria"	"Proteobacteria"	"Synergistota"	"Verrucomicrobiota"
"Euryarchaeota"	1	0.0121515313216141	0.0506796770638082	0.000840710683774726	0.212245751658994	-0.0482188181703144	0.114971833998637	0.00731310168202114	-0.0607172738755818	0.32495996417291	0.0742687334330677
"Actinobacteriota"	0.0121515313216141	1	-0.137165009656327	0.132123731523079	-0.0569976125277187	-0.23250533995728	-0.057309706231827	0.10510627841832	-0.306506347949216	-0.016809849511326	0.0367871271288254
"Bacteroidota"	0.0506796770638082	-0.137165009656327	1	0.00192763922978644	0.295998880099959	0.129935313110963	0.0452846028760943	-0.0633312366045089	-0.154339139398055	0.109606520066707	-0.141269993620427
"Campilobacterota"	0.000840710683774726	0.132123731523079	0.00192763922978644	1	-0.0525213602035071	-0.0601856008772859	-0.071132781246376	0.146809279666938	0.082952833433317	0.0039975490498658	0.0364293342652587
"Desulfobacterota"	0.212245751658994	-0.0569976125277187	0.295998880099959	-0.0525213602035071	1	0.146341073096055	0.0591473772237857	0.0710767557579906	-0.0666573017252151	0.348169006542546	0.0267834129237302
"Firmicutes"	-0.0482188181703144	-0.23250533995728	0.129935313110963	-0.0601856008772859	0.146341073096055	1	-0.00684273009253965	0.0393027397862832	-0.455981952144383	-0.135040321825043	-0.2328125044048
"Fusobacteriota"	0.114971833998637	-0.057309706231827	0.0452846028760943	-0.071132781246376	0.0591473772237857	-0.00684273009253965	1	0.0614709662454171	0.0213132835795314	-0.0115239852250285	-0.112184439959317
"Patescibacteria"	0.00731310168202114	0.10510627841832	-0.0633312366045089	0.146809279666938	0.0710767557579906	0.0393027397862832	0.0614709662454171	1	0.152214619897356	0.0894675526504461	-0.0961720634875214
"Proteobacteria"	-0.0607172738755818	-0.306506347949216	-0.154339139398055	0.082952833433317	-0.0666573017252151	-0.455981952144383	0.0213132835795314	0.152214619897356	1	0.0295850326344876	-0.0674842678533862
"Synergistota"	0.32495996417291	-0.016809849511326	0.109606520066707	0.0039975490498658	0.348169006542546	-0.135040321825043	-0.0115239852250285	0.0894675526504461	0.0295850326344876	1	0.159522532716218
"Verrucomicrobiota"	0.0742687334330677	0.0367871271288254	-0.141269993620427	0.0364293342652587	0.0267834129237302	-0.2328125044048	-0.112184439959317	-0.0961720634875214	-0.0674842678533862	0.159522532716218	1
